1 0
2 3
3 8
5 1
6 2
7 2
8 6
9 6
10 5
11 7
12 7
13 9
14 5
15 6
16 7
17 7
19 7
20 7
21 7
22 6
23 5
24 6
25 6
26 5
27 8
28 8
29 8
30 8
31 6
32 6
33 7
34 8
35 7
36 7
37 7
39 8
40 8
41 8
42 6
44 5
45 7
46 8
47 8
48 8
49 8
50 7
51 9
52 8
53 9
54 9
55 6
56 7
57 8
58 7
59 9
60 8
61 7
62 6
63 9
64 9
65 8
66 8
67 8
68 7
69 5
70 6
71 7
72 6
73 6
74 8
75 7
76 6
77 5
78 3
79 3
80 4
81 8
83 6
85 8
86 8
89 8
90 8
91 8
92 9
93 6
95 8
96 9
97 10
98 4
99 7
100 6
103 8
104 8
105 7
107 7
108 8
110 7
111 9
112 6
113 8
114 9
117 8
118 1
119 2
121 7
122 9
123 6
124 6
125 9
126 9
127 7
128 8
130 7
131 8
132 4
133 6
134 8
135 4
136 8
137 7
138 8
139 5
140 5
141 7
142 7
143 9
144 5
145 9
147 9
148 6
149 8
150 8
151 9
152 2
153 5
154 7
155 8
157 7
158 6
159 6
160 7
161 8
162 8
163 6
164 7
166 9
168 8
169 7
171 9
172 9
174 7
175 9
176 12
177 7
178 7
179 8
180 8
182 8
183 9
185 11
187 8
188 8
189 8
190 7
191 8
193 10
194 7
196 8
197 8
198 9
199 8
200 8
201 6
202 6
204 7
205 7
206 8
207 7
211 8
212 9
214 9
215 8
216 9
217 8
218 8
219 9
220 9
221 8
222 8
223 4
224 8
225 4
227 9
228 8
230 9
232 8
233 7
234 3
235 7
236 9
237 10
238 6
239 9
240 6
242 9
243 8
244 9
245 7
246 6
248 8
250 8
252 8
253 9
255 8
256 8
260 10
262 8
263 9
264 6
265 7
267 8
268 8
269 9
270 9
271 4
272 9
273 7
274 6
275 7
276 7
277 7
278 8
280 6
282 6
283 7
284 0
286 8
287 7
288 8
289 9
290 5
291 6
292 6
293 7
294 8
295 6
297 6
298 7
300 6
301 6
303 6
306 5
307 6
308 9
309 5
311 6
315 5
316 6
317 6
319 9
320 6
321 6
322 9
324 6
325 6
326 7
327 8
329 6
331 6
336 7
337 6
338 7
339 7
340 6
341 6
343 9
346 8
347 8
348 6
349 9
350 6
356 3
357 4
358 5
359 3
360 4
361 6
362 7
363 5
364 3
365 4
366 5
368 6
369 5
370 3
371 7
372 4
375 5
376 8
377 4
378 5
381 7
383 7
384 6
385 7
387 7
388 6
389 7
391 6
394 5
395 6
396 7
399 7
400 5
410006 6
410007 3
410004 10
402 5
410005 11
403 5
405 5
410003 10
410000 7
407 5
408 6
410014 3
410015 4
410 6
410012 6
411 5
410013 5
410010 5
413 5
410011 8
410008 3
414 7
410009 4
415 6
417 7
418 8
419 6
420 7
421 4
422 6
410016 4
426 7
429 7
430 8
431 7
433 6
434 8
436 7
437 8
444 8
445 7
446 7
447 7
448 7
451 8
452 7
453 7
454 8
455 8
456 8
457 8
458 6
460 7
463 7
464 3
465 4
466 5
467 4
468 5
470 7
471 7
472 4
473 8
474 4
475 4
476 4
478 2
479 7
480 7
481 6
482 8
483 8
484 9
485 8
486 6
487 7
488 8
489 0
490 6
491 7
492 7
493 9
494 10
495 9
496 4
497 6
498 7
499 5
501 4
502 7
503 8
504 4
505 5
506 8
508 4
509 7
510 10
511 7
512 5
514 6
517 6
518 7
519 8
520 6
522 6
523 9
524 8
525 6
526 8
527 8
528 6
529 6
531 9
532 8
533 10
534 7
535 9
537 9
538 9
539 4
540 5
541 8
542 5
543 9
544 7
545 5
546 8
547 9
548 9
549 5
550 6
551 5
552 8
553 5
554 7
555 8
556 8
557 6
558 8
559 4
561 9
563 9
564 9
565 7
567 9
568 6
570 5
571 6
572 5
573 6
574 8
575 6
576 7
577 7
579 9
580 9
581 10
582 10
584 9
585 10
586 7
587 7
588 7
589 6
590 8
591 5
592 6
593 6
594 7
597 5
598 2
599 7
600 4
601 6
602 6
603 7
605 6
606 5
607 6
608 9
609 8
610 7
611 0
612 7
613 5
614 7
615 7
616 9
617 5
618 6
619 6
620 8
621 8
622 5
623 7
625 7
627 8
629 6
630 5
631 9
632 4
633 5
634 6
635 8
636 8
637 10
639 6
640 7
641 6
642 7
643 8
646 6
647 8
648 9
649 5
650 8
651 6
652 8
653 9
654 8
655 9
656 8
657 6
658 6
659 8
660 8
661 11
662 5
664 8
666 7
667 5
668 10
670 9
674 10
675 11
676 8
677 10
678 9
679 11
680 9
682 4
683 10
684 9
685 9
687 9
689 9
690 12
691 9
692 8
694 10
695 10
696 10
698 9
699 9
700 8
703 4
704 6
705 9
706 9
707 2
708 4
709 5
710 5
711 5
712 6
713 6
716 6
717 6
718 7
719 5
720 6
721 5
722 5
723 6
725 6
726 7
727 8
728 7
729 5
732 5
733 5
734 6
735 6
736 5
737 6
738 5
739 7
740 8
741 7
742 8
743 5
744 5
745 6
746 5
748 6
749 7
750 6
751 5
752 5
753 6
756 7
757 5
758 7
759 4
762 8
763 6
764 5
765 5
766 6
767 7
768 7
769 2
771 3
772 7
773 8
774 7
775 4
776 4
777 4
778 6
782 6
786 8
787 7
789 6
790 7
791 8
793 9
794 9
795 5
796 7
798 8
799 7
800 8
802 9
803 8
804 8
805 7
807 9
808 9
809 4
811 5
812 5
813 8
815 5
816 3
817 7
818 2
819 5
820 3
821 5
822 4
823 4
824 4
825 7
826 5
828 3
829 5
830 9
831 6
832 6
833 6
834 3
835 5
836 5
837 5
839 5
840 4
841 4
842 6
843 5
845 9
846 5
847 3
848 4
849 5
851 6
852 5
853 5
854 6
855 5
857 7
858 4
859 6
860 6
863 8
864 3
866 7
867 6
868 6
869 8
870 9
871 10
872 7
873 3
875 5
876 7
877 7
878 9
879 8
882 8
883 8
884 7
885 8
886 7
887 8
888 8
889 6
890 7
891 8
892 8
893 9
894 8
895 7
896 6
897 9
900 8
902 8
904 8
905 6
907 9
910 9
911 7
912 7
913 9
914 8
915 8
916 7
917 8
918 6
919 8
920 9
921 8
922 9
923 8
924 2
925 5
926 8
927 4
929 5
930 7
931 8
932 7
933 8
934 4
935 7
938 7
939 7
940 6
941 7
943 4
944 6
946 8
947 8
951 3
952 7
953 6
954 9
956 7
957 5
958 5
960 6
961 4
962 7
963 6
964 7
965 6
966 6
967 7
968 5
969 4
970 5
971 4
972 8
973 7
974 7
975 6
976 8
977 6
978 7
979 7
980 5
982 8
987 4
988 7
989 6
991 5
992 5
993 5
995 6
996 7
997 7
998 6
999 8
1000 5
1001 5
1002 6
1003 8
1004 5
1005 5
1006 6
1007 6
1008 7
1009 6
1010 6
1011 6
1012 6
1013 6
1014 6
1015 7
1017 6
1018 7
1019 7
1022 8
1024 6
1025 6
1026 6
1027 7
1028 5
1029 5
1030 5
1031 5
1032 9
1033 6
1034 6
1036 7
1038 6
1039 6
1040 6
1041 7
1042 8
1043 5
1045 6
1046 8
1047 7
1048 6
1049 8
1050 6
1051 8
1052 5
1053 5
1054 5
1055 7
1056 5
1057 6
1058 5
1059 5
1060 6
1061 7
1062 6
1063 6
1065 7
1067 6
1069 7
1070 6
1071 7
1072 5
1073 8
1074 6
1075 7
1076 6
1080 6
1081 8
1082 8
1083 7
1084 10
1085 9
1087 5
1088 8
1089 7
1090 6
1092 9
1093 8
1094 9
1095 8
1096 8
1097 9
1098 6
1099 7
1100 8
1101 7
1102 8
1103 8
1104 9
1105 9
1106 6
1107 9
1112 8
1113 0
1114 8
1115 9
1116 9
1117 6
1118 8
1119 9
1120 7
1122 0
1123 5
1125 6
1126 8
1128 8
1129 6
1131 7
1132 8
1133 6
1134 9
1135 9
1136 9
1137 8
1138 8
1139 8
1140 6
1141 6
1142 8
1144 6
1145 0
1146 10
1147 9
1149 8
1150 0
1151 7
1152 6
1153 8
1155 4
1156 7
1159 6
1161 7
1162 8
1163 5
1166 8
1167 6
1169 6
1171 6
1172 7
1176 6
1177 8
1178 5
1180 7
1181 8
1182 8
1187 8
1188 6
1191 6
1193 6
1194 3
1195 4
1196 5
1197 2
1199 10
1204 9
1211 7
1212 6
1215 10
1216 9
1217 6
1218 3
1220 9
1222 10
1223 8
1225 6
1226 6
1227 6
1230 7
1231 5
1232 5
1233 8
1234 11
1238 7
1239 8
1241 9
1245 7
1248 5
1249 5
1250 4
1251 6
1252 5
1254 6
1256 6
1257 6
1258 9
1259 6
1260 6
1262 6
1263 6
1264 7
1265 5
1266 7
1268 6
1269 8
1270 6
1271 6
1272 9
1273 10
1274 11
1276 5
1278 6
1279 4
1281 4
1283 4
1284 5
1285 7
1287 6
1288 5
1289 6
1290 6
1291 5
1293 6
1297 7
1298 4
1300 6
1301 6
1302 10
1304 6
1305 9
1308 6
1310 9
1311 4
1312 7
1315 4
1317 8
1319 6
1320 12
1321 9
1322 6
1324 4
1325 7
1326 10
1327 7
1328 5
1331 9
1332 5
1334 7
1335 5
1336 6
1337 5
1338 12
1339 10
1340 7
1341 6
1342 8
1343 6
1344 6
1345 6
1347 6
1348 7
1349 9
1350 6
1351 6
1355 8
1357 8
1360 6
1361 7
1362 8
1363 9
1367 4
1369 5
1370 6
1371 5
1373 5
1374 8
1376 6
1377 7
1379 5
1380 7
1382 6
1384 5
1385 7
1386 5
1387 7
1388 7
1392 4
1394 5
1395 5
1396 6
1397 5
1399 6
1400 7
1401 9
1402 6
1403 6
1404 6
1405 6
1406 7
1407 6
1408 8
1409 5
1410 5
1412 8
1413 6
1414 6
1417 3
1419 4
1421 5
1423 4
1425 2
1426 2
1427 2
1428 2
1430 5
1433 5
1435 5
1436 5
1437 4
1438 2
1440 8
1441 5
1442 3
1443 4
1444 3
1445 4
1446 4
1449 6
1450 3
1452 3
1454 4
1457 5
1459 8
1460 5
1464 7
1465 6
1466 2
1467 6
1468 7
1469 3
1470 3
1471 4
1472 2
1473 7
1474 7
1475 4
1476 10
1477 5
1480 6
1482 6
1483 6
1487 0
1488 5
1489 7
1491 8
1492 8
1493 9
1495 6
1498 9
1500 7
1501 7
1504 6
1507 2
1508 5
1510 3
1511 4
1513 5
1518 5
1519 5
1520 5
1522 3
1525 6
1528 4
1530 5
1531 6
1533 5
1537 5
1538 5
1539 5
1540 5
1541 4
1543 5
1544 5
1545 9
1547 6
1548 9
1549 8
1551 4
1552 8
1555 7
1557 3
1558 4
1560 3
1561 4
1562 4
1563 4
1566 12
1571 11
1572 9
1574 2
1575 6
1578 6
1579 7
1580 6
1581 7
1582 8
1583 7
1586 6
1587 8
1591 7
1592 10
1593 10
1595 4
1596 6
1597 4
1598 6
1600 5
1601 6
1602 6
1604 7
1605 7
1606 8
1607 6
1608 2
1609 3
1611 3
1612 3
1613 4
1615 4
1618 6
1620 3
1621 3
1622 3
1623 4
1626 2
1627 4
1629 7
1631 7
1633 7
1634 8
1635 4
1636 6
1637 5
1638 6
1639 7
1640 5
1641 6
1642 7
1643 5
1644 7
1645 6
1646 6
1647 7
1648 7
1649 5
1650 7
1651 6
1653 8
1654 5
1655 8
1657 5
1658 8
1659 7
1660 5
1662 5
1663 6
1664 6
1667 7
1669 5
1670 8
1671 5
1673 6
1674 7
1675 5
1676 6
1677 7
1678 6
1679 5
1680 6
1681 8
1682 8
1683 6
1684 8
1685 6
1686 3
1688 6
1691 9
1692 7
1693 4
1694 5
1695 5
1696 6
100001 4
100000 4
1697 5
1698 6
100003 4
1699 3
100002 6
1700 6
100005 5
1701 6
100004 5
100007 5
1702 7
100006 5
1704 8
100009 8
1705 7
100008 6
1706 6
100011 5
1707 6
100010 8
1708 7
100013 4
100012 4
1709 7
1710 5
100015 7
1711 6
100014 10
1712 7
100017 8
1713 5
100016 3
1714 6
100019 9
100018 9
1716 7
100021 5
1717 6
100020 9
1718 8
100023 6
100022 4
1719 6
100025 6
100024 6
1722 5
100027 7
100026 4
1723 7
1724 6
100029 7
100028 6
100031 5
1726 6
1727 5
100030 7
100033 5
3000045 9
3000044 8
1730 5
100035 6
3000047 6
100034 6
3000046 4
100037 5
1732 4
3000041 6
1733 6
100036 6
3000040 8
100039 6
1734 6
3000043 5
1735 7
100038 6
3000042 5
3000037 4
100041 8
3000036 4
1737 6
100040 8
1738 7
100043 8
3000039 7
1739 5
100042 8
3000038 4
100045 11
3000033 5
1741 9
100044 11
3000032 7
1742 6
100047 11
3000035 6
1743 4
100046 11
3000034 4
1744 5
100049 11
3000061 6
100048 11
3000060 4
1746 6
100051 11
3000063 6
3000062 5
1747 6
100050 11
1748 6
100053 11
3000057 8
100052 11
3000056 7
1750 6
100055 11
3000059 5
1751 5
100054 11
3000058 8
100057 11
3000053 5
100056 11
3000052 3
100059 11
3000055 6
100058 11
3000054 5
1756 6
100061 11
3000049 4
1757 6
100060 11
3000048 6
100063 11
3000051 3
3000050 3
100062 11
1760 4
100065 11
3000013 4
1761 5
100064 11
3000012 5
1762 7
100067 11
3000015 8
1763 5
100066 11
3000014 8
100069 11
3000009 8
1765 7
100068 11
3000008 6
100071 11
3000011 10
100070 11
3000010 8
100073 11
3000005 9
1769 5
100072 11
3000004 4
1770 7
100075 11
3000007 8
1771 9
100074 11
3000006 9
1772 7
100077 11
3000001 0
1773 8
100076 11
100079 11
3000003 8
1775 7
100078 11
3000002 5
1776 8
100081 11
3000029 8
100080 11
3000028 8
100083 11
3000031 7
3000030 6
100082 11
1780 6
100085 11
3000025 5
3000024 6
100084 11
1782 7
100087 11
3000027 7
1783 6
100086 11
3000026 0
100089 11
3000021 7
1785 6
100088 11
3000020 8
1786 5
100091 11
3000023 7
1787 3
100090 11
3000022 4
1788 4
100093 11
3000017 9
1789 3
100092 11
3000016 9
1790 5
100095 11
3000019 7
1791 5
100094 11
3000018 8
1792 6
100097 11
100096 11
100099 11
1795 6
100098 11
100101 12
100100 12
1798 6
100103 12
1799 6
100102 12
1800 7
100105 12
100104 12
1802 7
100107 12
1803 6
100106 12
1804 7
100109 12
1805 5
100108 12
1806 5
100111 12
1807 6
100110 12
1808 5
100113 12
1809 6
100112 12
1810 6
100115 12
100114 12
1812 7
100117 12
100116 12
1814 6
100119 12
100118 12
1816 5
100121 12
1817 7
100120 12
1818 6
100123 12
100122 12
1820 6
100125 12
1821 6
100124 12
1822 9
100127 12
100126 12
1824 5
100129 12
3000077 8
100128 12
3000076 5
100131 12
3000079 3
1827 5
100130 12
3000078 8
100133 6
3000073 10
1829 7
100132 12
3000072 8
1830 8
100135 12
3000075 6
1831 7
100134 6
3000074 5
1832 5
100137 12
3000069 8
1833 5
100136 12
3000068 9
100139 12
3000071 8
100138 12
3000070 8
1836 8
100141 12
3000065 5
1837 7
100140 12
3000064 8
1838 7
100143 12
3000067 3
1839 6
100142 12
3000066 8
1840 6
100145 12
1841 8
100144 12
1842 9
100147 12
100146 12
1844 7
100149 12
1845 7
100148 12
100151 12
1847 8
100150 12
1848 7
100153 12
1849 7
100152 12
1850 5
100155 12
100154 12
1852 7
100157 12
1853 6
100156 12
1854 7
100159 12
100158 12
100161 12
1857 11
100160 12
100163 12
1859 9
100162 12
100165 12
100164 12
1862 6
100167 12
1863 8
100166 12
1864 9
100169 12
100168 7
100171 12
100170 12
1868 5
100173 12
1869 6
100172 12
1870 10
100175 12
1871 2
100174 12
1872 3
100177 12
1873 5
100176 12
1874 7
100179 12
1875 9
100178 12
1876 5
100181 12
1877 5
100180 12
1878 8
100183 12
1879 7
100182 12
1880 7
100185 12
1881 4
100184 12
1882 6
100187 12
1883 6
100186 12
1884 7
100189 12
1885 9
100188 12
1886 5
100191 12
100190 12
1888 5
100193 12
1889 9
100192 12
1890 5
100195 12
1891 9
100194 12
1892 3
100197 12
100196 12
1894 5
100199 12
1895 8
100198 12
1896 7
100201 12
1897 8
100200 12
1898 7
100203 12
1899 7
100202 12
1900 7
100205 12
1901 6
100204 12
1902 6
100207 12
1903 6
100206 12
1904 5
100209 12
1905 6
100208 12
100211 12
1907 4
100210 12
1908 8
100213 12
1909 5
100212 12
100215 12
1911 6
100214 12
1912 7
100217 12
1913 7
100216 12
100219 12
1915 6
100218 12
100221 12
1917 7
100220 12
100223 12
1919 7
100222 12
1920 7
100225 12
100224 12
1922 6
100227 12
1923 7
100226 12
1924 8
100229 12
100228 12
100231 12
1927 7
100230 12
1928 3
100233 12
1929 6
100232 12
100235 8
1930 9
1931 8
100234 12
100237 9
1933 6
1934 4
100238 7
1935 8
100241 5
100240 6
1937 9
100243 6
1939 2
100242 4
100245 7
100244 6
1941 4
1942 5
100247 5
1943 6
100246 5
1944 4
100249 4
1945 4
100248 6
1946 3
100251 7
1947 5
100250 6
1948 4
100253 7
1949 5
100252 5
1950 5
100255 5
1951 4
100254 8
1952 5
100257 5
1953 5
100256 6
100259 7
1954 5
100258 7
1955 5
100261 4
1956 6
100260 7
100263 8
1958 7
100262 7
1959 7
100265 7
1960 6
100264 8
1961 5
100267 6
1962 5
100266 7
1963 4
100269 7
1964 8
1965 4
100268 8
1966 9
100271 3
1967 10
100270 5
100273 8
1969 9
100272 5
1970 10
100275 10
1971 5
100274 6
1972 8
100277 6
100276 5
1973 5
1974 6
100279 10
1975 6
100281 9
1976 5
1977 3
100280 7
1978 3
100283 5
100282 9
1980 5
100285 5
1981 7
100284 5
1982 6
100287 5
1983 6
100289 7
1984 4
1985 7
100288 5
1986 5
100291 7
1987 5
100290 7
1988 7
100293 5
1989 5
100292 6
100295 5
1991 8
1992 7
100297 5
1993 4
100296 5
1994 7
100299 5
1995 5
100298 5
1996 6
100301 7
1997 6
100300 7
100303 6
1998 7
1999 5
100302 7
2000 8
100305 5
100304 6
2002 9
100307 10
2003 6
100306 7
100309 8
100308 10
2006 5
100311 7
2007 9
100310 8
100313 7
2009 7
100312 7
2010 8
100315 9
2011 4
100314 8
2012 3
100317 9
2013 5
100316 9
2014 4
100319 9
2015 4
100318 9
100321 9
2017 4
100320 9
2018 5
100323 5
2019 4
100322 7
2020 7
2021 8
100324 6
100327 6
100326 4
2023 8
2024 7
100329 9
2025 8
100328 9
2027 5
2028 5
100333 9
100335 8
2031 6
100334 11
2032 7
100337 11
2033 6
100336 9
2034 7
100339 6
100338 10
2035 8
2036 4
100341 9
2037 7
100340 9
2038 4
100343 9
2039 4
100342 9
2040 7
100345 9
2041 5
100344 9
100347 9
2043 8
100346 9
2044 5
100349 9
2045 4
100348 9
2046 4
100351 9
2047 4
100350 9
2048 8
100353 9
2049 7
100352 9
2050 10
100355 9
100354 9
100357 9
100356 9
2054 8
100359 9
2055 8
100358 9
2056 6
100360 7
2057 7
2058 7
100363 10
2059 8
100362 10
2060 7
2061 7
100364 10
2062 5
100367 10
2063 5
100366 10
2064 7
100369 10
100368 10
2066 6
100371 10
2067 6
100370 10
2068 7
100373 10
2069 6
100372 10
2070 9
100375 10
2071 5
100374 10
2072 6
100377 10
2073 9
100376 10
2074 7
100379 11
2075 9
100378 11
2076 5
100381 11
2077 6
100380 11
2078 9
100383 11
2079 11
100382 11
2080 8
100385 11
100384 11
100387 10
2083 6
100386 11
2084 7
100389 11
100388 10
2085 8
2086 2
100391 11
2087 4
100390 11
2088 4
100393 11
2089 6
100392 11
2090 6
100395 11
2091 5
100394 11
2092 7
100397 11
2093 4
100396 11
2094 5
100399 10
100398 10
100401 10
2097 5
100400 10
2098 6
100403 10
2099 5
100402 10
2100 8
100405 10
2101 5
100404 10
2102 6
100407 11
2103 5
100406 10
2104 5
100409 11
2105 5
100408 11
100411 11
2107 5
100410 11
2108 6
100413 11
2109 6
100412 11
2110 7
100415 11
2111 5
100414 11
100417 11
2113 5
100416 11
100419 11
100418 11
100421 11
100420 11
2118 6
100423 11
2119 7
100422 11
2120 9
100425 10
2121 6
100424 11
100427 10
2123 6
100426 10
100429 10
100428 10
2126 10
100431 10
2127 6
100430 10
100433 10
100432 10
100435 10
2131 9
100434 10
2132 8
100437 10
2133 5
100436 10
2134 9
100439 10
2135 8
100438 10
2136 6
100441 10
100440 10
2138 6
100443 10
2139 9
100442 10
2140 8
100445 10
2141 6
100444 10
100447 10
2143 5
100446 10
2144 6
100449 10
2145 8
100448 10
100451 10
100450 10
2148 5
100453 10
2149 5
100452 10
2150 8
100455 10
2151 5
100454 10
2152 4
100457 10
2153 7
100456 10
2154 6
100459 10
2155 5
100458 10
2156 7
100461 11
2157 4
100460 10
100463 11
2159 8
100462 11
2160 7
100465 11
2161 7
100464 11
2162 8
100467 11
100466 11
2164 5
100469 11
2165 5
100468 11
2166 8
100471 10
2167 5
100470 10
2168 6
100473 10
2169 5
100472 10
2170 7
100475 10
2171 6
100474 10
2172 5
100477 11
2173 6
100476 11
2174 7
100478 11
2176 6
100481 11
100480 11
100483 11
2179 7
100482 11
2180 6
100485 11
2181 8
100484 11
100487 10
2183 5
100486 11
100489 10
2185 9
100488 10
2186 5
100491 4
100490 8
2187 6
2188 6
100493 4
100492 5
2189 6
2190 8
100495 7
100494 6
2191 7
100497 6
100496 5
2193 5
2194 7
100499 8
100498 7
2195 11
2196 6
100501 8
2197 5
100500 8
2198 8
100503 5
2199 6
100502 6
2200 4
100505 5
100504 5
2202 6
100507 6
2203 5
100506 5
2204 5
100509 4
100508 3
2205 6
2206 5
100511 4
2207 5
100510 5
2208 6
100513 5
2209 6
100512 5
100515 7
100514 4
2211 8
2212 6
100517 6
2213 6
100516 6
100519 9
2215 7
100518 7
2216 6
100521 4
2217 7
100520 9
100523 6
2218 8
2219 7
100522 5
2220 6
100525 7
2221 7
100524 5
100527 5
2223 9
100526 5
100529 4
2224 6
2225 7
100528 7
2226 6
100531 10
2227 6
100530 3
100533 6
2229 7
100532 7
2230 7
100535 6
2231 7
100534 7
2232 7
100537 4
100536 3
2234 7
100539 6
100538 6
2235 6
2236 8
100541 5
100540 7
100543 5
100542 7
2239 6
100545 6
2240 5
100544 4
2242 6
100547 6
2243 8
100546 7
2244 7
2245 9
100548 4
2246 8
100551 7
2247 8
100550 5
2248 7
100553 5
100552 6
2249 7
2250 7
100555 3
2251 7
100554 5
100557 5
100556 4
2253 8
100559 4
2254 5
100558 5
2256 8
100561 6
100560 4
2257 7
100563 7
100562 7
100565 7
100564 7
2263 9
100566 7
100569 7
100568 4
2265 6
2266 7
100571 6
2267 6
100570 6
2268 6
100573 7
2269 5
100572 7
2270 4
100575 9
100574 8
2271 6
100577 6
2273 8
100576 5
100579 7
2275 6
100578 5
100581 8
2277 6
100580 7
100583 7
100582 7
2280 8
100585 7
2281 7
100584 6
100587 8
2282 6
2283 7
100586 8
100589 3
100588 9
2286 8
100590 8
2287 7
100593 4
2289 7
100592 5
2290 8
100595 7
100594 7
2292 7
2293 6
100596 7
100599 8
100598 5
2296 7
100601 5
2297 6
100600 8
2298 6
100603 4
2299 6
100602 5
2300 6
100605 5
2301 8
100604 4
100607 5
100606 4
2304 6
100609 0
2305 6
100608 7
100611 9
2307 9
100610 7
2308 10
100613 3
100612 7
100615 7
2310 6
2311 6
100614 6
2312 7
100617 9
2313 9
100616 8
2314 7
100619 8
2315 4
100618 9
100621 9
100620 8
2317 6
2318 7
100623 8
100622 4
100625 7
2321 6
100624 9
100627 7
2322 6
2323 8
100626 7
2324 9
100629 6
100628 7
2326 8
100631 5
100630 5
100633 7
2329 6
100632 6
2330 7
100635 6
100634 5
2331 5
2332 7
100637 0
2333 7
100636 6
100639 8
2334 10
2335 12
100638 6
100641 6
100640 6
100643 5
2339 11
100642 6
2340 12
100645 8
2341 7
100644 6
2342 6
100647 7
100646 6
2343 7
100649 4
2344 7
2345 6
100648 7
2346 7
100651 6
100650 6
100653 6
2349 6
2350 6
100654 8
2352 8
100657 6
2353 6
100656 5
100659 6
2354 6
2355 5
100658 3
2356 7
100661 7
100660 5
2357 6
100663 5
2359 5
100662 6
2360 5
100665 6
2361 7
2362 6
2363 6
100669 8
2365 7
100668 7
2366 6
100671 5
2367 6
100670 6
100673 8
100672 5
2370 7
100675 8
2371 6
100674 8
2372 7
100677 7
2373 5
100676 8
100679 6
2374 5
100678 5
2375 6
2376 5
100681 7
2377 7
2378 7
100682 8
100685 3
2380 6
2381 6
100684 7
100687 4
2383 6
100686 4
100689 8
2384 6
2385 8
100691 7
100690 11
100693 7
100692 8
2389 9
2390 5
100695 5
100694 6
2392 10
100697 6
100699 3
2395 7
100698 7
2396 6
100701 6
100700 6
2398 7
100703 6
100702 7
100705 5
2401 8
100704 6
100707 6
2403 8
100706 6
2404 11
100709 7
100708 6
2406 10
100711 6
100710 7
2408 7
100712 6
2410 7
2411 5
100717 4
100716 7
2414 8
100719 7
2415 6
100718 8
2416 6
100721 4
100720 5
2418 6
100723 5
2419 7
100725 5
2421 5
100724 4
100727 6
2423 6
100726 5
100729 6
100728 7
2425 6
100731 7
2427 7
100730 5
100733 5
100732 6
100735 5
100734 7
100737 8
100736 8
100739 7
100738 6
2435 6
2436 9
2438 9
100743 8
100742 4
2439 8
100745 6
100744 6
2442 6
100747 7
100746 7
2444 9
100749 5
2445 8
100748 4
100751 5
2446 6
100750 5
2448 5
100753 5
100752 6
100755 7
2450 5
2451 6
100754 5
100757 5
2453 10
2454 11
100759 7
100758 3
100761 7
2457 5
100760 8
100763 3
2459 6
100762 8
100765 4
2460 5
2461 10
100764 4
100767 4
2463 5
100766 4
2464 7
100769 6
2465 6
100768 5
100771 7
100770 7
100773 5
2470 9
100775 7
100774 4
100777 5
2472 9
100776 8
2474 7
100779 7
2475 9
100778 5
2476 5
100781 7
100780 8
2478 8
100783 4
2480 5
100785 6
100784 6
100787 8
2483 4
100786 6
100789 9
100788 7
2486 4
100790 3
2487 5
2488 6
100792 6
2490 7
100795 7
2491 7
2492 6
100797 6
2493 5
100796 8
2494 6
100799 5
2495 7
100798 6
100801 8
100800 7
2497 9
100803 5
100802 7
2500 9
100805 9
2501 7
100804 5
100807 7
2503 7
100806 4
2504 8
100809 5
2505 7
100808 7
2506 9
100811 8
2507 7
100810 6
2508 7
100813 8
2509 4
100812 7
2510 7
2511 5
100814 6
2512 7
100817 6
100816 8
100819 7
2514 4
2515 6
100818 8
2516 5
100821 8
100820 9
100823 4
2518 10
2519 6
100822 8
100825 7
2521 9
2522 4
100827 5
100826 4
2524 4
100829 3
100828 7
2526 6
100831 4
2527 6
100830 5
2528 8
100833 5
2529 6
100832 7
100835 6
2530 6
100834 5
100837 6
100836 6
2533 5
100839 5
100838 8
2536 9
100841 7
100840 8
2538 8
100843 8
2539 9
100842 10
2540 6
100845 5
100844 6
2542 9
100847 8
2544 9
100849 7
100848 6
2545 7
100851 5
2546 6
100850 7
2548 7
100853 3
100852 6
2549 7
2550 7
100855 9
100854 6
2552 5
100857 8
2553 8
100856 9
100859 7
2555 7
100858 6
100861 7
2557 5
100860 7
2558 4
100863 8
100862 8
100865 8
2561 5
100864 8
2562 4
100867 9
2563 7
100866 9
2564 0
100869 8
100871 5
2566 7
100870 6
100872 5
2570 9
100875 8
2571 7
100874 6
2572 6
100877 8
2573 7
100876 6
2574 6
100879 8
2575 7
100878 8
2576 7
100881 8
2577 6
100880 7
2578 3
100883 5
2579 6
100882 5
2580 7
100885 8
100884 8
100887 5
2582 10
100886 5
2583 8
2584 7
100889 8
2585 4
100888 6
2586 6
100891 8
2587 6
100890 9
2588 9
100893 8
2589 6
100892 7
2590 9
2591 7
100894 8
2592 7
2593 7
100896 9
2594 8
100899 8
2595 8
100898 6
100901 10
2597 3
100900 10
100903 10
2599 8
100902 10
2600 4
100905 10
2601 6
100904 10
100907 10
100906 10
2604 8
100909 10
2605 5
100908 10
100911 10
2607 9
100910 10
2608 5
100913 10
100912 10
100915 9
2611 7
100914 10
100917 9
2612 6
100916 9
2613 8
100919 9
2614 6
2615 4
100918 9
100921 9
2616 8
2617 4
100920 9
100923 7
2619 6
100922 9
100925 7
2621 5
100924 8
100927 9
2622 7
2623 6
100926 9
2624 4
100929 9
100928 9
2625 5
2626 7
100931 10
2627 9
100930 9
100933 10
100932 10
2629 5
2630 8
100935 10
100934 10
2631 9
100937 10
2632 5
100936 10
2633 4
2634 4
100939 10
100938 10
2635 6
100941 10
2636 5
2637 7
100940 10
2638 6
100943 10
100942 10
2639 5
2640 5
100945 10
2641 4
100944 10
100947 9
2642 6
100946 9
2643 5
2644 5
100948 9
2645 9
100951 8
2647 6
100950 6
2648 7
100953 8
100952 8
2650 7
100955 8
2651 5
100954 9
100957 7
2652 4
2653 4
2654 5
100959 7
2655 5
100958 8
2656 7
100961 9
2657 5
100960 7
100963 7
2659 4
100962 6
2661 8
2663 8
2664 2
2665 5
2666 6
2667 8
2668 6
2669 5
2671 5
2672 6
2673 8
2676 8
2677 7
2678 8
2679 6
2680 8
2681 7
2682 8
2683 6
2684 7
2686 3
2687 8
2688 9
2689 9
2690 7
2691 8
2692 7
2693 6
2694 7
2695 9
2696 8
2697 9
2699 6
2700 7
2703 6
2705 9
2707 9
2708 8
2710 7
2711 9
2714 7
2715 2
2716 5
2717 5
2718 5
2719 4
2720 9
2721 4
2722 5
2723 7
2724 6
2725 5
2726 7
2728 9
2729 6
2730 6
2731 6
2732 5
2733 4
2737 7
2738 9
2740 7
2741 7
2742 7
2743 6
2744 12
2745 8
2747 5
2748 7
2749 7
2750 5
2751 8
2752 6
2753 6
2754 6
2755 7
2756 5
2757 5
2758 6
2761 7
2762 6
2763 4
2764 5
2766 7
2773 0
2777 7
2778 6
2779 7
2780 7
2781 5
2783 7
2786 8
2787 4
2788 7
2789 5
2790 5
2791 5
2792 4
2793 4
2795 3
2797 5
2803 6
2804 7
2805 6
2808 7
2810 7
2812 8
2813 4
2814 3
2815 5
2816 6
2817 3
2818 6
2821 6
2822 6
2823 5
2825 7
2826 7
2827 7
2828 6
2829 5
2831 7
2832 4
2833 6
2834 10
2835 4
2836 5
2837 7
2839 7
2840 6
2841 5
2842 7
2843 6
2845 8
2846 6
2847 7
2848 6
2849 5
2850 9
2851 8
2853 8
2857 9
2858 7
2859 6
2860 5
2861 4
2862 7
2863 5
2864 7
2865 7
2866 9
2867 7
2868 9
2869 9
2870 7
2871 6
2872 6
2875 6
2876 6
2877 6
2878 5
2879 8
2880 4
2882 6
2883 5
2884 5
2885 7
2886 8
2888 8
2890 6
2891 7
2893 8
2894 4
2895 7
2896 5
2897 6
2898 4
2900 7
2901 8
2902 7
2904 3
2905 5
2907 8
2908 4
2909 8
2910 5
2912 5
2913 6
2914 8
2916 4
2917 7
2918 7
2919 6
2920 5
2921 5
2922 6
2923 6
2924 5
2925 9
2926 4
2927 6
2928 6
2929 4
2930 5
2932 4
2933 5
2936 7
2937 8
2938 8
2942 7
2943 7
2944 8
2945 7
2946 8
2947 8
2948 7
2949 8
2951 12
2953 7
2955 6
2958 4
2959 7
2960 4
2961 9
2963 7
2965 8
2967 6
2970 9
2971 6
2972 8
2973 4
2974 8
2977 5
2979 8
2980 6
2981 4
2982 6
2983 6
2984 7
2986 8
2987 8
2990 8
2991 5
2992 5
2996 6
2997 6
2999 7
3001 8
3002 5
3003 9
3005 7
3006 9
3009 5
3010 4
3011 2
3013 8
3015 8
3016 7
3019 5
3020 6
3021 7
3022 8
3023 5
3025 7
3026 6
3027 6
3028 5
3029 6
3031 9
3034 7
3037 5
3038 6
3040 5
3041 7
3042 7
3043 5
3044 8
3045 6
3048 8
3049 6
3051 7
3053 7
3057 6
3059 6
3063 5
3065 8
3066 6
3067 6
3068 7
3070 6
3071 7
3072 8
3073 5
3074 6
3075 4
3076 6
3077 4
3079 5
3080 7
3081 8
3083 7
3084 6
3085 6
3086 7
3088 7
3089 8
3090 11
3091 9
3093 7
3095 6
3097 6
3099 6
3100 6
3102 6
3103 5
3105 6
3106 5
3107 4
3108 6
3109 8
3110 5
3111 3
3112 5
3113 5
3114 0
3115 4
3116 4
3117 3
3118 6
3119 3
3121 6
3124 5
3125 6
3126 7
3127 8
3128 5
3130 5
3131 7
3133 6
3134 6
3137 7
3138 5
3139 9
3140 7
3141 7
3142 6
3144 4
3145 6
3146 5
3148 5
3149 4
3150 8
3152 4
3153 6
3154 5
3155 5
3158 6
3159 8
3160 7
3161 8
3162 4
3163 4
3164 8
3165 4
3166 8
3167 8
3168 8
3170 7
3172 7
3173 8
3174 7
3175 8
3177 8
3179 8
3180 8
3182 8
3183 8
3184 7
3185 9
3186 4
3187 4
3189 7
3191 8
3193 6
3194 7
3196 7
3198 4
3199 4
3200 5
3201 4
3202 5
3203 10
3204 4
3205 5
3206 4
3207 5
3208 5
3209 4
3210 4
3212 9
3213 5
3214 5
3215 5
3216 4
3217 7
3218 6
3219 8
3220 4
3221 6
3223 6
3224 4
3225 6
3226 5
3228 7
3231 7
3232 6
3233 7
3234 7
3235 7
3236 6
3237 9
3238 4
3239 6
3240 4
3241 6
3244 9
3246 8
3247 6
3248 7
3249 5
3250 9
3251 7
3252 5
3254 4
3256 4
3258 4
3259 5
3260 7
3261 9
3262 6
3264 5
3265 4
3267 5
3268 7
3269 7
3270 4
3271 4
3272 6
3273 7
3274 8
3275 7
3276 6
3277 9
3278 7
3279 7
3281 8
3282 5
3286 6
3287 5
3288 6
3292 5
3295 5
3296 7
3297 7
3298 9
3300 8
3301 9
3302 6
3304 6
3305 8
3306 6
3307 7
3308 7
3309 9
3310 6
3311 7
3312 7
3316 9
3318 7
3319 6
3320 8
3321 9
3323 5
3324 5
3325 4
3326 4
3327 5
3328 5
3329 6
3330 4
3332 8
3333 8
3334 5
3335 6
3336 6
3337 6
3338 5
3339 10
3340 0
3341 6
3343 3
3344 9
3345 8
3347 6
3348 7
3349 5
3351 5
3352 5
3353 5
3354 7
3355 7
3357 5
3358 7
3359 7
3361 7
3362 7
3363 4
3365 7
3366 6
3367 7
3368 7
3370 9
3371 8
3375 7
3376 6
3378 6
3380 6
3382 5
3383 6
3384 6
3387 7
3388 4
3390 7
3391 6
3392 6
200003 7
3393 9
3394 4
200001 6
200000 5
200007 9
3396 7
200006 9
3397 7
3398 6
200005 9
3400 7
200011 11
3401 7
3402 7
200008 7
3403 6
200015 6
3405 5
200013 4
3406 6
200012 12
3409 7
200018 8
200017 11
3411 9
200016 6
200023 9
3413 6
200022 7
3414 7
200021 6
200020 8
3416 6
3417 9
200026 5
3418 5
200025 5
3419 6
200024 5
3421 9
200030 7
3422 7
200029 6
3423 8
200028 5
200035 5
200034 5
3426 8
3427 7
200032 8
200039 7
3429 6
200037 5
200036 5
3431 9
200043 6
200042 5
3434 7
200041 5
3435 6
200040 5
3436 7
200047 5
200046 3
3438 7
200044 7
3440 7
200050 11
200049 6
3443 5
200048 6
3444 6
200055 8
3445 5
200054 10
200053 6
3447 6
3448 9
200059 7
3449 5
200058 6
3450 6
200057 8
3451 5
200056 4
3452 8
200063 9
3453 6
3454 6
3455 6
3456 6
200067 5
3457 4
200066 8
200065 9
3458 5
3459 10
200064 8
3460 10
200071 10
3461 5
200070 10
3462 5
3463 7
200068 6
3464 5
3465 5
3466 6
200073 5
3467 7
200072 9
3468 6
3469 6
3470 5
3472 4
200083 7
3473 7
3474 6
3477 6
200085 7
200084 7
3481 7
3482 5
3484 5
200095 10
200094 10
3487 7
200099 0
3489 6
200098 7
3490 5
200097 8
3491 6
200096 8
3492 4
200102 8
3493 6
200101 6
3494 0
3495 8
3496 9
200107 8
200106 7
3498 5
200105 8
200104 8
200111 7
3502 6
200109 9
200108 8
200114 5
200113 10
3508 5
200119 7
200118 6
3510 6
200117 8
200116 9
200123 7
3513 8
200122 7
3514 6
200120 8
200127 7
3517 5
200126 4
200125 6
200124 8
3521 5
200129 8
200128 8
3524 7
200135 0
200134 5
3526 6
200133 7
3527 8
3528 4
3529 6
200138 9
3530 5
200136 7
3532 8
200143 8
3533 3
3534 6
200141 10
3535 8
3536 4
200147 10
3537 7
200146 4
3538 6
200144 8
3540 6
200151 8
3541 6
200150 6
3542 5
200149 7
200148 6
200154 12
200153 11
3546 5
3547 5
3548 4
200159 13
3549 2
200158 13
3550 6
3551 5
3552 4
3553 4
200161 11
3554 6
200160 11
3555 5
3557 6
3558 5
3559 4
3560 4
3561 5
3562 7
3563 7
3564 5
3565 3
3566 8
3568 5
3570 3
3571 5
3572 6
3573 4
3574 6
3575 7
3577 3
3581 3
3584 4
3587 3
3593 3
3596 4
3606 6
3607 8
3609 7
3610 8
3612 7
3613 6
3614 6
3616 6
3621 3
20006 7
3623 3
3634 7
3635 6
3637 5
3639 8
3640 7
3641 6
3642 8
3643 6
3645 4
3646 7
3647 6
3648 8
3649 4
3651 6
3652 7
3653 7
3654 5
3655 4
3656 8
3657 5
3658 7
3665 6
3674 2
3676 3
3677 3
3678 3
3679 2
3680 3
3682 3
3683 8
3687 5
3688 4
3689 5
3690 4
3691 6
3693 6
3694 6
3696 12
3697 6
3698 5
3700 6
3701 5
3704 5
3707 6
3710 5
3712 5
3713 5
3715 5
3716 4
3717 6
3719 6
3720 6
3722 5
3724 6
3725 4
3729 7
3730 5
3731 7
3733 7
3736 5
3737 4
3738 5
3739 7
3740 5
3741 5
3743 2
3744 3
3745 2
3749 5
3750 4
3752 6
3755 6
3756 5
3758 5
3759 5
3760 6
3761 4
3762 8
3763 6
3764 5
3765 7
3768 6
3771 10
3774 8
3777 6
3778 9
3779 9
3781 8
3782 5
3783 4
3784 6
3785 6
3787 6
3789 5
3791 5
3795 9
3796 8
3797 4
3798 7
3799 6
3800 3
3803 5
3805 5
3808 4
3809 5
3810 6
3811 3
3812 2
3819 3
3826 3
3828 3
3829 3
3831 4
3832 6
3833 7
3834 7
3835 8
3836 6
3837 7
3839 8
3840 9
3841 8
3842 8
3843 9
3844 8
3846 9
3848 7
3849 8
3850 7
3851 7
3852 7
3853 8
3854 7
3855 7
3856 7
3858 8
3859 8
3860 8
3861 8
3862 8
3863 6
3864 6
3865 6
3866 6
3867 7
3868 7
3869 7
3870 6
3871 6
3872 6
3874 6
3875 6
3876 6
3877 6
3878 6
3879 6
3880 8
3881 7
3882 6
3883 6
3884 6
3885 6
3886 6
3887 6
3888 7
3889 6
3890 7
3891 9
3892 8
3893 8
3894 10
3895 10
3896 10
3897 8
3898 8
3899 10
3900 10
3901 10
3902 8
3903 9
3904 8
3905 10
3906 11
3907 7
3908 9
3909 8
3910 8
3911 8
3912 8
3913 8
3914 8
3915 8
3916 8
3917 8
3918 8
3919 9
3920 8
3921 9
3922 8
3923 8
3924 8
3926 8
3927 9
3928 9
3929 9
3930 9
3931 6
3932 9
3933 9
3934 9
3935 9
3938 8
3939 7
3940 6
3941 6
3942 6
3943 6
3944 7
3945 6
3946 6
3947 9
3948 9
3949 6
3950 7
3951 7
3952 7
3953 7
3954 7
3955 5
3956 7
3957 6
3958 6
3959 7
3960 6
3961 7
3963 6
3964 6
3965 6
3966 6
3967 6
3969 7
3970 6
3971 7
3973 7
3974 8
3975 8
3976 7
3977 7
3978 7
3979 7
3980 7
3981 7
3982 8
3984 7
3985 7
3986 7
3987 8
3988 7
3989 7
3990 7
3991 7
3992 8
3993 8
3994 7
3995 7
3996 8
3997 8
3998 10
3999 9
4000 8
4001 10
4002 10
4003 11
4004 8
4005 8
4006 10
4007 10
4008 10
4009 11
4010 8
4012 10
4013 11
4014 10
4015 7
4016 8
430006 8
4017 8
430007 8
4018 8
430004 7
4019 8
430005 7
4020 8
430002 7
4021 8
430003 7
4022 8
430000 7
4023 8
430014 9
4024 9
430015 3
4025 8
4026 8
430012 8
4027 8
430013 8
4028 9
430010 8
4029 9
430011 8
4030 9
430008 8
4031 9
430009 9
4032 7
430022 8
4033 7
430023 8
4034 8
430020 8
4035 10
430021 6
430018 7
4036 11
430019 7
4037 9
4038 10
430016 10
4039 7
430017 10
4040 8
4041 8
4042 8
430028 8
4043 6
430029 9
4044 8
430026 6
4045 8
4046 8
430024 6
4047 8
430025 9
4048 6
4049 6
4050 8
4051 8
4052 8
4053 8
4054 7
4057 6
4058 10
4059 8
4060 7
4066 0
4083 0
4090 0
4095 6
4097 6
4099 6
4100 7
4110 0
4112 8
4121 0
4122 7
4132 8
4138 0
4139 0
4143 0
4144 0
4150 7
4153 0
4157 0
4161 0
4162 0
4168 0
4172 9
4174 0
4175 0
4180 11
4183 0
4184 0
4185 0
4186 0
4187 0
4188 7
4192 0
4193 0
4194 0
4195 8
4196 0
4197 9
4198 0
4201 0
4202 0
4203 0
4207 7
4209 8
4213 8
4214 9
4216 8
4218 9
4219 9
4220 10
4222 12
4223 11
4224 11
4225 9
4226 10
4227 11
4230 9
4231 9
4232 6
4233 9
4234 7
4235 8
4236 8
4237 8
4238 7
4239 7
4240 9
4241 9
4242 9
4243 7
4244 8
4245 8
4246 9
4247 8
4248 7
4249 8
4250 8
4251 8
4252 7
4253 9
4254 10
4255 8
4256 7
4257 10
4258 8
4259 7
4260 8
4261 9
4262 7
4263 8
4264 7
4267 9
4268 9
4269 9
4271 7
4272 7
4273 8
4274 8
4275 5
4276 6
4277 5
4278 8
4279 6
4280 8
4281 8
4283 6
4284 6
4285 6
4286 9
4287 6
4288 8
4289 9
4290 9
4291 9
4292 6
4293 10
4294 7
4295 7
4296 6
4297 5
4298 3
4299 4
4302 4
4303 4
4305 5
4306 5
4307 5
4308 5
4309 6
4311 5
4312 6
4313 8
4315 9
4319 7
4320 4
4321 4
4322 4
4323 3
4324 4
4325 4
4326 6
4327 6
4328 5
4329 5
4330 7
4331 6
4332 5
4333 6
4334 6
4336 7
4337 4
4338 5
4339 5
4340 4
4341 5
4342 5
4343 6
4344 7
4345 7
4347 4
4348 5
4349 6
4352 4
4353 4
4354 3
4355 5
4356 4
4357 6
4358 3
4359 4
4360 3
4361 4
4362 6
4363 6
4364 3
4365 6
4366 4
4367 3
4368 5
4369 5
4370 3
4371 5
4372 5
4373 6
4374 7
4375 4
4376 7
4377 4
4378 7
4379 4
4380 6
4381 8
4382 6
4383 6
4384 6
4385 5
4386 6
4387 10
4388 9
4389 7
4390 5
4392 4
4394 7
4395 4
4396 4
4397 8
4398 6
4399 8
4400 7
4401 10
4403 8
4404 3
4405 4
4406 6
4407 8
4408 4
4409 6
4411 7
4414 5
4415 6
4416 6
4417 5
4418 5
4419 6
4420 4
4421 5
4422 8
4423 8
4425 6
4426 6
4428 6
4429 5
4430 6
4431 6
4432 9
4433 10
4434 7
4437 5
4438 7
4439 6
4440 10
4442 10
4443 10
4444 7
4445 7
4446 7
4447 6
4448 8
4450 8
4451 8
4452 5
4453 8
4454 5
4458 6
4459 6
4461 6
4463 7
4464 8
4466 7
4467 8
4468 7
4469 7
4470 7
4471 8
4472 9
4474 11
4476 8
4478 9
4481 9
4482 9
4484 7
4485 10
4487 9
4488 9
4490 7
4491 10
4492 10
4493 7
4495 8
4496 8
4499 8
4502 8
4510 8
4523 8
4524 7
4527 7
4528 7
4529 8
4532 7
4535 7
4540 7
4544 8
4552 7
4554 7
4557 8
4558 7
4562 9
4563 8
4565 9
4566 8
4568 8
4570 8
4571 7
4573 9
4575 9
4576 9
4580 9
4581 9
4582 8
4586 8
4589 7
4590 8
4591 8
4592 9
4594 10
4598 8
4599 8
4601 10
4602 9
4603 9
4605 9
4606 9
4607 9
4608 7
4609 8
4610 7
4611 8
4614 10
4616 9
4617 9
4618 8
4619 8
4621 10
4622 8
4625 8
4626 9
4629 10
4630 9
4631 6
4632 8
4633 8
4634 8
4635 9
4637 7
4639 6
4646 8
4660 7
4661 6
4664 7
4673 6
4676 8
4679 6
4681 7
4684 6
4686 9
4688 6
4689 7
4690 6
4691 8
4692 8
4695 8
4696 8
4699 6
4704 9
4712 7
4713 7
4717 8
4719 7
4722 9
4724 8
4727 7
4729 11
4732 7
4734 9
4736 9
4737 10
4742 7
4743 11
4746 9
4749 8
4751 7
4752 7
4754 9
4755 6
4756 6
4757 9
4758 7
4759 7
4760 6
4761 8
4762 7
4763 7
4764 8
4768 7
4771 7
4779 7
4780 7
4782 7
4783 9
4784 7
4785 8
4786 9
4787 7
4788 8
4789 8
4790 8
4791 7
4792 9
4794 8
4795 7
4796 6
4797 8
4798 6
4799 9
4800 9
4802 9
4804 9
4808 7
4809 6
4810 9
4812 8
4813 6
4814 9
4817 9
4818 7
4819 9
4820 7
4821 9
4822 8
4823 7
4825 6
4826 10
4828 7
4831 5
4835 8
4836 7
4839 7
4840 9
4841 6
4844 9
4845 7
4846 5
4848 8
4850 6
4851 10
4852 6
4854 6
4855 5
4856 9
4857 9
4859 6
4860 10
4861 9
4863 9
4864 9
4866 7
4870 9
4871 4
4872 5
4875 6
4876 7
4878 5
4879 6
4880 7
4881 6
4885 7
4886 6
4887 5
4889 6
4890 6
4891 7
4894 8
4897 6
4898 6
4900 6
4901 6
4902 6
4904 6
4905 5
4906 6
4909 6
4910 7
4911 6
4912 8
4913 6
4914 8
4915 4
4916 8
4918 6
4919 5
4920 5
4921 6
4922 7
4923 7
4924 6
4925 6
4926 7
4927 6
4928 8
4929 8
4930 4
4931 8
4933 7
4934 5
4935 6
4936 4
4937 6
4938 8
4940 6
4941 6
4942 5
4943 6
4944 8
4945 8
4947 5
4948 4
4950 7
4952 6
4953 8
4954 9
4955 6
4959 7
4960 6
4961 6
4962 7
4963 6
4964 6
4966 7
4968 9
4969 7
4970 8
4971 6
4972 5
4974 7
4975 6
4976 7
4977 9
4979 7
4980 7
4981 11
4986 0
4987 7
4990 7
4991 7
4993 7
4997 10
5001 8
5003 8
5004 11
5005 9
5008 6
5009 9
5010 7
5011 7
5013 11
5017 5
5019 7
5021 8
5025 8
5026 7
5028 8
5033 9
5035 8
5036 9
5037 9
5039 7
5041 11
5042 8
5043 9
5045 8
5048 9
5050 8
5054 7
5059 6
5060 8
5063 8
5066 8
5067 7
5068 11
5069 7
5070 8
5072 7
5084 8
5085 7
5086 6
5089 7
5090 9
5092 8
5093 11
5096 9
5099 5
5100 5
5101 5
5102 6
5103 5
5104 9
5105 6
5106 8
5107 6
5108 6
5109 5
5110 8
5111 7
5112 7
5113 7
5114 5
5115 5
5116 5
5117 5
5120 5
5121 9
5129 8
5130 5
5132 6
5133 7
5134 7
5135 5
5136 8
5141 7
5143 7
5144 7
5145 8
5146 5
5147 6
5148 7
5150 5
5151 8
5152 7
5155 6
5156 6
5157 8
5160 7
5162 7
5164 7
5165 5
5168 6
5170 8
5172 8
5173 8
5174 9
5176 7
5177 5
5178 8
5180 8
5181 8
5182 7
5183 6
5184 6
5185 6
5186 6
5187 5
5190 9
5191 8
5193 7
5194 6
5195 6
5197 8
5198 6
5199 6
5200 5
5201 5
5202 7
5203 7
5206 6
5207 7
5208 5
5209 9
5210 9
5211 8
5212 8
5213 6
5214 7
5215 7
5216 7
5217 4
5218 9
5219 7
5220 5
5222 7
5223 8
5224 6
5225 7
5227 9
5229 9
5230 8
5231 9
5232 6
5233 9
5234 8
5235 8
5236 7
5237 5
5238 8
5240 7
5241 7
5242 9
5243 6
5244 6
5245 7
5246 9
5247 6
5248 9
5249 7
5250 8
5253 8
5254 7
5255 5
5256 5
5257 6
5258 6
5259 7
5261 6
5262 5
5263 8
5264 6
5265 8
5266 5
5267 4
5268 4
5272 7
5273 7
5274 8
5275 8
5278 8
5280 7
5281 7
5285 7
5288 6
5289 6
5290 6
5291 5
5292 6
5293 5
5294 5
5295 7
5296 0
5297 9
5298 7
5299 0
5300 5
5301 5
5302 6
5303 8
5304 5
5305 5
5306 6
5307 7
5308 6
5309 0
5310 5
5311 5
5312 6
5313 5
5314 6
5315 8
5316 5
5317 5
5318 7
5320 7
5321 7
5322 7
5323 7
5324 6
5325 8
5326 9
5327 7
5328 6
5329 7
5332 8
5335 7
5336 8
5338 10
5339 5
5340 7
5341 7
5343 7
5344 5
5345 4
5346 5
5347 7
5348 5
5349 8
5352 6
5353 6
5354 7
5356 7
5357 8
5359 6
5360 6
5363 5
5364 6
5365 9
5366 7
5368 4
5369 7
5372 4
5374 5
5375 6
5376 7
5379 9
5381 8
5384 7
5386 5
5387 5
5389 7
5390 5
5396 6
5397 7
5400 9
5401 6
5402 7
5403 8
5404 7
5406 6
5407 9
5409 8
5411 10
5413 9
5415 9
5416 7
5419 7
5420 6
5421 7
5422 10
5423 7
5424 7
5425 7
5428 6
5429 6
5430 7
5432 9
5435 7
5437 5
5439 9
5441 9
5442 9
5445 8
5446 8
5449 8
5450 8
5451 7
5453 8
5456 9
5458 9
5461 6
5462 8
5463 8
5464 7
5465 8
5466 9
5469 9
5472 7
5473 7
5474 7
5476 9
5477 8
5478 9
5479 9
5482 6
5483 6
5484 9
5486 9
5487 10
5490 9
5494 10
5495 10
5498 10
5502 6
5505 7
5506 7
5507 7
5508 9
5510 7
5511 9
5512 10
5513 5
5517 8
5518 6
5520 5
5521 4
5522 9
5523 5
5524 9
5525 9
5526 6
5527 6
5528 5
5531 7
5532 9
5534 7
5535 9
5537 5
5539 7
5540 7
5541 9
5542 4
5543 5
5546 6
5547 6
5548 5
5549 10
5550 7
5556 9
5557 8
5558 6
5559 4
5560 7
5561 3
5562 8
5563 8
5564 9
5565 9
5567 8
5571 7
5572 7
5574 10
5575 6
5576 10
5579 7
5580 8
5583 9
5584 7
5585 8
5586 7
5587 6
5588 9
5590 7
5592 7
5593 7
5595 8
5597 8
5598 9
5599 6
5600 7
5602 7
5603 7
5605 8
5606 7
5607 5
5608 8
5609 8
5612 8
5613 7
5616 5
5617 10
5619 7
5620 7
5621 8
5622 6
5623 8
5625 9
5626 8
5627 8
5632 5
5638 11
5639 7
5640 8
5643 9
5645 4
5648 9
5650 9
5652 7
5653 9
5655 7
5656 5
5659 8
5661 7
5665 8
5667 8
5671 8
5676 9
5678 8
5679 9
5680 8
5681 7
5682 9
5684 7
5686 7
5687 7
5688 11
5689 8
5692 7
5694 9
5696 9
5700 7
5701 6
5707 11
5709 9
5715 8
5716 5
5720 10
5722 8
5723 8
5725 11
5726 11
5731 6
5733 7
5736 6
5739 9
5743 6
5744 9
5745 8
5746 8
5747 8
5750 7
5752 9
5756 8
5758 8
5759 9
5764 7
5765 7
5766 8
5767 9
5768 9
5769 10
5772 7
5773 7
5775 5
5776 7
5780 10
5781 6
5787 9
5788 8
5789 7
5790 9
5791 7
5792 8
5793 12
5794 8
5798 8
5802 9
5807 10
5815 6
5817 9
5819 10
5820 8
5824 9
5825 9
5828 6
5829 7
5830 6
5831 8
5832 6
5833 6
5834 0
5837 0
5841 7
5844 9
5848 11
5849 8
5850 8
5852 8
5853 7
5855 5
5856 8
5857 9
5863 8
5864 6
5866 11
5867 9
5868 7
5871 7
5872 8
5873 9
5875 8
5876 6
5877 7
5878 7
5879 10
5880 7
5881 6
5882 8
5885 9
5886 9
5890 7
5891 9
5892 7
5894 7
5895 11
5897 9
5899 7
5900 7
5901 7
5905 7
5906 7
5910 11
5912 8
5913 10
5914 8
5916 6
5917 6
5918 7
5920 10
5921 5
5922 5
5923 7
5924 9
5925 8
5926 6
5927 7
5928 6
5929 6
5930 6
5932 8
5934 7
5938 5
5939 6
5941 7
5942 6
5943 5
5944 6
5945 6
5946 6
5947 5
5948 5
5949 6
5950 6
5951 6
5952 4
5954 7
5956 6
5957 4
5959 5
5961 7
5964 5
5967 6
5968 4
5972 5
5973 5
5974 5
5976 6
5977 5
5978 6
5979 5
5982 7
5984 6
5986 4
5987 7
5988 4
5989 9
5990 6
5991 5
5994 6
5995 6
5997 5
5999 6
6000 6
6006 6
6008 8
6009 6
6011 10
6012 7
6014 7
6016 9
6019 9
6026 10
6028 8
6035 11
6040 9
6042 7
6045 10
6048 7
6051 5
6055 8
6059 8
6060 9
6064 9
6067 9
6069 10
6070 7
6077 9
6086 7
6088 9
6089 7
6092 7
6094 7
6095 8
6097 8
6099 7
6101 7
6106 8
6107 8
6108 7
6109 8
6110 11
6112 8
6114 9
6118 11
6119 7
6121 6
6127 9
6129 9
6134 8
6135 5
6136 9
6140 8
6143 7
6144 11
6145 8
6146 11
6147 9
6149 8
6150 7
6152 9
6153 8
6155 8
6156 8
6157 9
6158 0
6159 8
6160 7
6161 10
6162 9
6163 9
6165 9
6166 7
6167 10
6169 6
6170 9
6172 8
6174 7
6175 5
6176 9
6179 12
6180 7
6184 10
6185 10
6187 9
6189 8
6190 8
6191 9
6192 8
6193 9
6200 7
6201 8
6202 7
6203 6
6205 8
6206 11
6207 9
6208 8
6209 10
6210 10
6213 9
6216 9
6217 9
6224 10
6226 10
6228 6
6230 10
6232 7
6233 10
6234 7
6236 7
6237 9
6239 10
6243 8
6247 9
6248 6
6251 7
6252 9
6253 9
6254 5
6256 6
6257 8
6261 8
6262 9
6263 11
6264 9
6265 8
6266 6
6267 6
6268 6
6270 6
6273 6
6274 8
6276 6
6277 7
6278 6
6279 8
6280 7
6282 11
6283 10
6285 9
6286 10
6288 9
6289 11
6290 10
6291 11
6292 8
6293 12
6297 10
6298 5
6302 10
6304 11
6308 8
6311 10
6313 9
6315 10
6316 9
6321 11
6323 9
6326 8
6329 8
6330 10
6332 10
6333 10
6334 9
6335 9
6336 10
6337 10
6338 10
6339 11
6342 11
6344 10
6346 10
6347 9
6349 10
6350 10
6352 10
6353 10
6355 12
6357 9
6358 10
6361 8
6362 7
6366 8
6367 6
6368 5
6369 7
6370 7
6371 7
6375 6
6376 7
6378 6
6379 8
6380 8
6381 8
6383 8
6384 6
6385 7
6386 11
6387 9
6389 6
6390 9
6391 6
6392 6
6394 7
6397 7
6398 9
6400 8
6402 6
6406 6
6407 11
6408 6
6409 9
6413 8
6414 6
6415 8
6417 8
6420 8
6423 8
6424 7
6426 8
6429 8
6431 8
6432 6
6433 7
6434 8
6436 8
6437 6
6438 11
6439 7
6440 7
6441 6
6442 8
6443 8
6446 5
6449 11
6450 11
6453 8
6454 7
6456 11
6459 7
6460 6
6461 11
6462 7
6463 4
6465 5
6466 8
6467 6
6470 7
6471 8
6473 8
6476 7
6477 7
6479 9
6480 8
6481 8
6482 8
6483 8
6485 10
6486 9
6487 7
6488 8
6489 7
6490 4
6491 7
6492 7
6493 6
6494 7
6495 7
6496 6
6498 7
6499 9
6500 8
6501 7
6502 8
6503 6
6504 5
6505 7
6507 7
6508 9
6509 7
6510 6
6511 6
6514 4
6515 6
6516 5
6517 5
6518 5
6519 7
6520 5
6521 5
6522 6
6524 6
6525 5
6527 6
6528 5
6529 4
6530 5
6531 6
6532 8
6533 7
6535 6
6536 5
6538 7
6539 7
6541 6
6543 6
6544 7
6548 5
6549 5
6552 6
6554 7
6555 6
6557 6
6558 5
6559 4
6560 8
6561 5
6562 7
6563 6
6564 6
6565 6
6566 8
6568 5
6571 9
6572 8
6573 6
6574 5
6575 8
6576 5
6577 6
6579 8
6580 6
6581 5
6582 5
6583 7
6584 9
6585 8
6587 7
6589 9
6590 8
6591 7
6593 8
6595 8
6596 7
6597 6
6598 8
6599 7
6600 5
6603 9
6606 9
6607 8
6608 9
6610 5
6611 8
6615 8
6619 8
6623 9
6625 6
6628 8
6631 9
6633 7
6634 8
6637 4
6638 8
6640 8
6641 8
6642 8
6643 8
6644 7
6645 7
6646 5
6647 7
6649 5
6650 7
6655 8
6657 9
6659 6
6660 8
6665 8
6668 9
6670 6
6671 8
6673 5
6677 5
6679 6
6681 7
6682 6
6683 6
6684 7
6685 6
6687 6
6688 6
6689 7
6690 5
6691 7
6692 8
6693 6
6694 6
6695 6
6696 7
6698 5
6699 6
6702 6
6703 5
6704 5
6705 6
6706 5
6707 4
6709 4
6710 7
6711 6
6712 7
6713 7
6714 7
6715 8
6716 8
6717 6
6719 5
6721 7
6722 6
6723 7
6725 5
6727 8
6729 4
6731 7
6732 9
6733 7
6735 7
6737 7
6739 6
6740 8
6742 10
6743 5
6744 7
6747 10
6748 7
6749 5
6751 7
6753 5
6755 7
6756 4
6758 5
6762 7
6763 9
6765 5
6766 8
6767 9
6768 10
6769 5
6770 8
6771 6
6772 7
6773 5
6774 8
6775 5
6778 5
6779 7
6780 6
6781 7
6782 5
6783 5
6784 9
6785 6
400007 7
400004 5
400005 5
400002 4
6789 5
400003 5
6790 9
400000 6
400001 6
6794 8
400008 7
6799 6
6801 7
6802 6
6803 6
6808 7
6812 10
6813 8
6817 11
6818 11
6821 11
6824 6
6825 7
6827 7
6829 6
6830 7
6834 6
6837 10
6844 6
6846 5
6849 12
6850 9
6851 8
6852 7
6855 11
6858 8
6859 9
6863 8
6865 6
6866 8
6870 7
6872 8
6873 8
6877 0
6879 10
6880 8
6881 7
6882 7
6886 8
6887 6
6888 8
6889 6
6891 9
6892 9
6893 10
6894 7
6895 6
6896 6
6897 7
6899 9
6901 4
6903 6
6904 8
6906 8
6913 10
6915 8
6916 6
6918 8
6919 6
6921 5
6926 7
6927 11
6929 5
6930 10
6931 9
6932 7
6934 7
6937 8
6938 9
6943 9
6944 8
6946 6
6949 6
6951 10
6955 10
6956 8
6957 8
6958 6
6959 7
6960 8
6961 6
6962 7
6964 8
6965 6
6970 11
6976 5
6977 6
6978 7
6979 6
6980 9
6983 9
6984 8
6986 7
6988 7
6989 11
6990 7
6992 8
6994 9
6999 7
7000 7
7001 11
7002 7
7006 7
7007 10
7009 6
7010 7
7011 7
7015 7
7016 7
7017 7
7018 6
7020 10
7021 9
7023 9
7024 6
7027 8
7029 9
7030 5
7033 9
7034 7
7035 8
7036 6
7039 10
7041 7
7042 10
7045 8
7047 10
7048 10
7052 10
7054 7
7057 8
7058 9
7063 12
7064 8
7065 11
7066 4
7067 7
7068 13
7069 6
7074 11
7076 6
7078 8
7081 5
7082 8
7083 8
7086 7
7087 6
7089 6
7095 11
7096 7
7097 6
7098 8
7099 11
7100 8
7103 10
7104 7
7105 5
7107 7
7108 5
7109 6
7110 6
7111 6
7112 10
7115 8
7117 7
7123 8
7126 6
7129 8
7131 6
7132 9
7133 6
7141 6
7146 10
7149 7
7153 6
7156 4
7158 7
7159 6
7162 7
7163 0
7164 7
7165 8
7166 6
7178 6
7179 7
7181 7
7182 6
7183 11
7185 6
7187 11
7188 10
7190 9
7193 7
7199 10
7200 7
7201 8
7204 10
7206 9
7207 7
7208 7
7209 8
7210 6
7215 7
7220 7
7221 10
7227 10
7229 8
7230 9
7232 8
7233 7
7236 9
40004 7
40006 1
7238 8
7239 5
40007 8
7240 9
40008 7
40009 8
40010 8
40011 8
40012 5
40013 7
40014 7
40015 7
40016 7
7249 7
40017 7
7250 8
40018 9
40019 7
40020 8
40021 8
40022 8
40023 8
7256 6
40024 8
40025 8
7258 7
7260 11
7262 7
40030 10
7263 10
40031 10
40032 10
7265 7
40033 7
7266 6
40034 6
40035 6
7267 7
7268 8
40036 6
7269 6
40037 0
7270 7
40038 0
7271 10
40039 6
7272 8
40040 6
7274 7
40042 7
40043 7
40044 6
7277 6
40045 5
40046 6
40047 6
7280 7
40048 7
7281 5
40049 10
40050 9
40051 8
40052 8
7285 9
40053 9
7286 8
40054 9
40055 9
40056 10
7289 3
40057 6
7291 6
40059 4
7293 8
40061 7
40062 8
40063 4
7295 6
40064 2
40065 5
40066 5
7299 6
40068 3
40069 4
7301 6
40070 4
7302 6
40071 7
40072 5
7305 6
40073 6
40075 8
7307 8
7308 6
40077 7
40078 6
7311 7
40079 8
40080 5
40081 5
7313 8
7314 7
40082 6
40083 6
40084 4
7316 6
40085 4
40086 10
40087 7
40088 6
7321 11
40089 7
40090 4
40091 6
40092 6
7325 6
40093 6
7326 8
40095 5
7327 5
7328 8
40096 5
40097 6
7330 8
40098 6
40099 4
7332 8
40100 4
7333 9
40101 6
7334 7
40102 6
7335 5
40103 6
40104 6
7338 6
40106 7
40107 7
7340 5
40108 7
7341 10
40109 7
40110 7
7343 8
40111 4
7344 6
40112 5
40113 6
7346 8
40114 7
40115 4
7348 7
40116 5
40117 5
7350 7
40118 5
7351 8
40119 6
7352 4
40120 6
40121 6
7354 7
40122 7
40123 7
40124 5
40126 6
7359 5
40127 3
7360 6
40128 4
40129 7
7361 8
7362 6
40130 7
7363 6
40131 8
7364 6
40132 8
40133 7
7365 6
7366 6
40134 7
7367 5
40135 7
7369 7
40137 8
7370 8
40138 7
7371 11
40139 5
7372 6
40140 11
7373 6
40141 6
7374 7
40142 3
7375 8
40143 9
7376 7
40144 8
7377 6
40145 5
7378 4
40146 6
7379 4
40147 6
7380 8
40148 7
7381 8
40149 7
40150 9
7383 6
40151 9
7384 7
7385 7
40154 8
7387 6
40155 8
40156 4
40157 4
7390 8
40158 5
40159 10
40160 8
7392 6
40161 8
7394 6
40162 7
40163 6
7395 8
7396 6
40164 7
7397 6
40165 4
40166 3
7398 6
40167 6
7400 7
40168 6
7401 10
40169 6
40170 5
7402 8
7403 6
40171 5
40172 3
7404 9
40173 3
40174 8
7406 8
7407 7
40175 4
7408 6
40176 4
7409 6
40177 5
7410 6
40178 6
7411 6
40179 6
7412 8
40180 8
7413 6
40181 7
7414 6
40182 7
40183 10
40184 7
7417 6
40185 6
7418 7
40186 8
40187 5
7420 7
40188 6
7421 9
40189 6
40190 7
40191 9
40192 5
7425 9
40193 0
40194 7
40195 7
7427 6
7428 9
40196 8
7429 6
40197 8
7430 5
40198 7
7431 8
40199 6
7432 6
40200 6
40201 7
40202 5
7434 7
7435 9
40203 5
7436 6
40204 6
7437 5
40205 6
40206 4
7438 7
7439 7
40207 5
7440 7
40208 6
7441 6
40209 6
40210 4
40211 6
7443 7
40212 7
40213 5
40214 4
7446 6
40215 5
7447 9
7448 5
40216 6
7449 7
40217 7
7450 8
40218 8
7451 5
40219 8
7452 8
7453 6
7455 6
7456 8
7457 8
7458 8
7459 5
7460 4
7461 6
7462 8
7464 7
7465 9
7466 8
7468 8
7469 6
7470 7
7471 8
7473 7
7475 9
7476 6
7477 5
7479 9
7480 7
7481 7
7482 5
7483 6
7485 6
7486 7
7488 7
7489 7
7490 8
7494 8
7495 5
7497 9
7499 6
7500 5
7501 8
7502 8
7503 8
7504 8
7505 7
7506 7
7508 8
7509 8
7510 6
7511 7
7513 7
7514 5
7515 6
7516 9
7517 6
7519 6
7521 8
7522 7
7524 7
7525 6
7526 7
7529 6
7530 9
7534 7
7535 7
7536 9
7537 6
7541 7
7542 9
7543 8
7544 7
7545 9
7546 8
7548 9
7549 5
7550 5
7552 6
7553 9
7554 7
7556 6
7559 8
7560 9
7561 8
7565 6
7566 9
7569 9
7570 8
7572 8
7573 8
7574 8
7576 6
7581 8
7583 7
7585 6
7586 8
7587 6
7588 8
7589 7
7590 9
7592 6
7595 9
7596 7
7597 9
7598 10
7599 8
7601 8
7602 8
7603 8
7605 7
7606 5
7607 6
7608 8
7609 5
7610 6
7613 9
7616 6
7617 6
7618 5
7620 5
7621 8
7623 6
7626 7
7627 10
7628 10
7633 7
7634 9
7641 6
7642 10
7643 10
7646 10
7647 8
7648 9
7649 10
7650 7
7651 9
7654 0
7655 9
7656 10
7657 10
7658 10
7659 0
7661 9
7663 5
7665 8
7667 9
7668 6
7670 6
7675 6
7676 8
7677 10
7678 10
7680 10
7685 8
7686 8
7687 5
7688 8
7690 9
7691 0
7692 9
7695 9
7697 10
7698 0
7700 7
7702 10
7703 8
7704 6
7705 7
7707 8
7708 10
7709 8
7710 7
7712 0
7713 9
7715 8
7716 5
7717 8
7720 8
7721 8
7722 9
7727 8
7728 10
7730 8
7731 9
7732 10
7733 8
7734 9
7736 0
7737 9
7738 6
7739 0
7740 9
7744 8
7747 8
7748 8
7750 10
7754 9
7755 9
7756 8
7757 0
7758 6
7759 8
7760 10
7761 7
7763 8
7765 7
7766 8
7768 10
7769 9
7770 8
7772 6
7773 7
7774 7
7776 9
7777 10
7778 9
7779 7
7780 11
7782 10
7783 0
7786 0
7787 10
7791 10
7792 7
7793 10
7795 10
7797 8
7798 0
7799 8
7800 6
7801 0
7802 8
7803 6
7807 7
7808 8
7809 8
7810 0
7811 8
7812 9
7813 8
7814 9
7815 8
7817 7
7818 9
7819 8
7820 9
7822 10
7824 7
7825 0
7827 10
7829 9
7830 6
7831 8
7832 6
7833 7
7834 8
7835 10
7836 8
7838 5
7840 9
7841 7
7843 8
7850 8
7851 0
7852 0
7854 6
7856 9
7858 9
7859 8
7862 9
7866 8
7867 9
7868 10
7869 0
7872 6
7873 8
7874 10
7875 7
7876 9
7879 6
7880 8
7881 10
7885 7
7886 8
7889 11
7892 9
7893 9
7894 9
7898 10
7899 9
7900 9
7901 0
7902 6
7903 11
7905 6
7906 5
7910 0
7911 6
7913 10
7915 9
7916 0
7917 9
7920 0
7922 5
7923 0
7924 7
7925 9
7928 6
7929 9
7930 9
7932 10
7933 9
7935 11
7936 8
7937 10
7939 10
7941 5
7942 7
7943 8
7944 7
7945 0
7946 11
7947 11
7948 11
7949 0
7950 11
7956 0
7957 7
7958 7
7961 10
7962 8
7963 9
7964 8
7965 6
7968 7
7970 5
7971 9
7973 8
7975 7
7976 10
7979 8
7980 10
7981 0
7982 0
7984 10
7985 7
7986 8
7987 6
7988 10
7989 10
7990 9
7992 9
7993 9
7994 7
8000 7
8001 11
8002 9
8003 6
8005 8
8007 6
8008 0
8009 9
8011 9
8012 6
8014 5
8017 0
8019 9
8020 9
8024 10
8026 8
8028 10
8030 6
8031 10
8033 8
8034 7
8035 11
8036 0
8037 7
8038 9
8039 9
8041 6
8043 8
8045 8
8046 6
8047 5
8048 7
8049 7
8050 8
8051 0
8052 8
8053 7
8054 6
8055 6
8056 5
8057 6
8058 7
8059 8
8060 9
8061 7
8062 6
8063 7
8064 7
8065 5
8066 5
8067 6
8069 4
8070 6
8071 5
8072 4
8073 5
8074 5
8075 6
8076 7
8078 6
8079 10
8080 9
8081 5
8082 5
8083 10
8087 9
8089 6
8090 5
8093 9
8094 7
8095 7
8096 9
8097 9
8102 6
8103 9
8107 7
8108 9
8110 5
8111 9
8112 9
8113 6
8114 8
8115 9
8116 6
8117 7
8119 6
8122 9
8124 7
8125 6
8127 7
8131 8
8132 5
8133 6
8134 9
8138 7
8141 7
8142 7
8144 6
8148 7
8150 6
8151 6
8153 7
8155 7
8158 4
8160 8
8161 7
8162 6
8163 6
8165 9
8166 6
8167 6
8169 6
8176 4
8178 5
8179 6
8180 7
8181 8
8182 6
8185 6
8186 5
8187 4
8188 5
8189 5
8191 6
8193 4
8194 8
8197 4
8198 6
8200 6
8202 11
8204 9
8205 7
8207 6
8208 5
8209 8
8211 6
8213 10
8214 4
8216 5
8220 7
8221 5
8222 7
8223 6
8225 6
8226 4
8227 8
8229 4
8230 6
8231 6
8232 9
8233 4
8236 6
8237 8
8239 6
8240 10
8242 5
8244 6
8245 7
8247 5
8249 5
8250 9
8251 6
8255 8
8256 7
8258 6
8259 7
8261 7
8263 5
8264 9
8265 6
8269 9
8271 5
8272 7
8273 8
8275 7
8277 6
8278 10
8279 5
8281 6
8282 4
8283 7
8285 6
8288 7
8290 8
8291 9
8293 8
8297 7
8301 8
8303 8
8305 7
8306 6
8309 8
8311 7
8314 8
8315 8
8316 6
8318 6
8320 7
8321 6
8322 5
8323 7
8326 5
8327 8
8330 6
8331 7
8335 8
8336 8
8338 7
8339 8
8341 7
8344 6
8345 9
8346 8
8347 8
8348 10
8352 5
8353 8
8354 7
8356 5
8357 6
8358 7
8360 5
8361 7
8362 10
8363 8
8364 6
8365 6
8366 8
8368 8
8369 8
8371 8
8372 4
8373 3
8376 7
8383 5
8386 5
8388 5
8390 5
8391 6
8392 6
8393 6
8394 6
8396 5
8398 8
8399 6
8400 7
8401 6
8402 6
8404 5
8407 7
8410 6
8414 8
8416 9
8417 8
8418 9
8419 7
8420 4
8421 9
8422 8
8423 6
8424 9
8425 9
8428 8
8430 9
8432 9
8433 6
8434 8
8435 10
8436 8
8437 8
8438 8
8439 9
8440 7
8441 7
8442 5
8443 6
8444 9
8445 7
8447 9
8449 9
8450 9
8451 9
8452 10
8453 9
8454 7
8455 7
8456 8
8457 10
8458 8
8459 8
8460 7
8461 8
8462 7
8463 9
8464 9
8465 8
8467 9
8468 8
8469 7
8470 10
8472 8
8473 10
8475 9
8476 10
8477 10
8478 7
8479 9
8480 7
8482 8
8483 7
8484 10
8486 11
8488 9
8489 7
8490 7
8491 10
8494 9
8496 8
8497 7
8498 11
8499 6
8501 11
8504 6
8507 6
8509 6
8511 10
8513 6
8515 7
8516 8
8517 7
8518 6
8519 6
8523 6
8527 6
8528 6
8529 7
8537 7
8541 5
8542 5
8544 6
8551 5
8554 6
8555 7
8559 7
8568 7
8569 6
8572 4
8573 6
8577 7
8583 8
8586 7
8587 6
8588 6
8589 6
8591 6
8593 6
8596 7
8598 6
8605 4
8606 8
8607 6
8608 4
8609 4
8610 7
8615 6
8619 6
8625 6
8628 6
8629 5
8631 6
8633 6
8635 6
8636 9
8639 6
8640 10
8643 8
8647 5
8648 8
8651 9
8652 7
8653 9
8655 8
8656 8
8659 8
8660 9
8661 8
8663 5
8664 9
8665 8
8666 7
8668 7
8669 7
8670 9
8672 9
8675 9
8676 6
8677 7
8678 7
8682 9
8683 9
8684 8
8687 8
8689 9
8691 7
8694 9
8695 7
8696 5
8697 9
8702 6
8703 4
8705 7
8706 7
8707 8
8708 8
8711 8
8714 8
8715 8
8716 7
8717 8
8718 8
8720 8
8722 7
8723 7
8724 9
8726 9
8729 9
8730 7
8732 6
8733 8
8734 10
8736 8
8738 8
8739 9
8740 9
8742 8
8743 9
8744 6
8747 6
8749 6
8750 6
8751 6
8752 6
8753 8
8754 4
8755 8
8756 7
8757 8
8760 7
8762 6
8763 7
8765 6
8767 6
8768 6
8770 6
8771 3
8772 4
8773 4
8774 5
8775 7
8776 7
8777 6
8780 9
8783 9
8784 11
8785 9
8786 9
8788 9
8789 8
8794 9
8796 5
8797 8
8798 9
8800 6
8801 6
8802 6
8803 9
8804 8
8807 8
8808 9
8812 8
8817 8
8818 9
8819 8
8820 8
8821 9
8822 9
8823 9
8824 9
8826 7
8828 11
8829 8
8830 9
8833 8
8835 8
8838 11
8839 7
8843 7
8845 7
8846 5
8848 6
8850 5
8855 5
8857 6
8866 5
8872 5
8873 6
8883 5
8887 5
8890 7
8897 4
8905 6
8909 7
8915 7
8921 7
8922 6
8929 5
8935 7
8936 6
8940 6
8942 5
8944 7
8945 9
8946 6
8947 6
8948 7
8952 7
8953 5
8954 9
8955 7
8956 7
8959 4
8962 7
8963 7
8964 6
8967 5
8968 6
8969 5
8970 5
8972 7
8978 5
8981 7
8984 7
8985 5
8986 6
8988 5
8991 6
8993 5
8994 6
8997 6
8998 7
9002 6
9003 5
9004 6
9005 6
9007 9
9011 4
9013 5
9016 7
9017 6
9019 7
9020 5
9023 5
9025 3
9026 4
9027 7
9028 4
9031 6
9037 7
9042 6
9044 0
9045 5
9046 5
9049 6
9050 8
9051 6
9053 6
9054 7
9055 7
9056 7
9058 5
9059 5
9060 7
9062 7
9063 6
9064 5
9067 7
9069 5
9071 5
9072 6
9073 6
9077 7
9084 8
9085 8
9087 8
9088 3
9090 0
9092 8
9094 9
9098 10
9099 10
9100 9
9101 8
9102 10
9103 6
9104 7
9105 8
9106 7
9107 7
9108 7
9109 5
9110 5
9112 8
9113 5
9115 4
9116 6
9117 7
9118 7
9119 8
9120 7
9121 4
9122 5
9123 7
9124 3
9125 4
9126 4
9127 3
9128 4
9129 6
9130 8
9131 3
9132 6
9134 6
9136 5
9138 5
9139 5
9140 7
9141 4
9142 4
9144 5
9145 7
9147 12
9148 12
9149 12
9150 9
9152 11
9153 11
9154 12
9155 12
9157 11
9158 12
9159 12
9160 12
9161 10
9162 11
9163 0
9164 4
9165 12
9166 12
9167 12
9168 10
9169 10
9170 10
9171 8
9172 8
9173 10
9174 11
9175 11
9177 11
9178 10
9179 8
9180 8
9182 10
9183 9
9184 11
9185 10
9186 10
9187 12
9188 12
9189 11
9190 11
9191 7
9192 10
9193 11
9194 8
9195 8
9196 8
9197 12
9198 11
9199 12
9200 12
9201 12
9202 12
9203 12
9204 12
9205 12
9206 12
9207 12
9208 12
9209 11
9210 12
9211 12
9212 12
9213 12
9214 12
9215 12
9216 12
9217 12
9218 12
9219 12
9220 11
9221 12
9222 12
9223 12
9224 12
9225 11
9226 11
9227 10
9228 10
9229 10
9230 10
9231 11
9232 10
9233 10
9234 9
9236 11
9237 9
9238 10
9239 10
9240 10
9241 10
9242 10
9243 11
9244 11
9245 10
9246 11
9247 11
9248 11
9249 11
9250 12
9251 12
9252 12
9253 12
9254 12
9255 12
9256 11
9257 12
9258 12
9259 12
9260 12
9261 12
9262 12
9263 12
9264 12
9265 12
9266 12
9267 11
9268 12
9269 12
9270 12
9271 12
9272 9
9273 8
9274 9
9275 11
9276 10
9277 10
9278 8
9279 8
9280 9
9281 10
9282 9
9283 9
9284 9
9285 9
9286 10
9287 10
9288 10
9289 10
9290 11
9291 11
9292 10
9293 10
9294 11
9295 11
9296 10
9297 10
9298 11
9299 10
9300 10
9301 11
9302 10
9303 10
9304 11
9305 11
9306 10
9307 11
9308 10
9309 10
9310 10
9311 10
9312 10
9313 11
9314 10
9315 10
9316 8
9317 8
9318 9
9319 9
9320 11
9321 12
9322 12
9323 12
9324 12
9325 12
9326 12
9327 11
9328 12
9329 12
9330 12
9331 12
9332 11
9333 11
9334 11
9335 12
9336 12
9337 12
9338 12
9339 12
9340 12
9341 11
9342 12
9343 12
9344 12
9345 12
9346 12
9347 12
9348 12
9349 12
9350 12
9351 12
9352 11
9353 12
9354 12
9355 12
9356 12
9357 9
9358 9
9370 8
9371 9
9372 9
9373 8
9374 8
9375 9
9376 9
9377 10
9378 9
9379 11
9380 9
9381 7
9382 11
9383 11
9384 11
9385 11
9386 12
9387 12
9388 10
9389 12
9390 11
9391 11
9392 11
9393 11
9394 11
9395 11
9396 11
9397 12
9398 12
9399 10
9400 12
9401 11
9402 11
9403 11
9404 8
9405 9
9406 10
9407 9
9408 9
9410 11
9411 11
9412 11
9413 11
9414 12
9415 12
9416 10
9417 12
9418 11
9419 11
9420 11
9421 10
9422 10
9423 10
9424 10
9425 11
9426 11
9427 10
9428 10
9429 11
9430 10
9431 10
9432 10
9433 10
9434 11
9435 10
9436 10
9437 10
9438 11
9439 10
9440 8
9441 9
9442 9
9443 8
9444 10
9445 9
9446 9
9447 9
9448 0
9449 0
9450 10
9451 10
9452 10
9453 10
9454 11
9455 10
9456 10
9457 10
9458 11
9459 11
9460 10
9461 9
9462 8
9463 8
9464 9
9465 7
9466 7
9467 9
9468 8
9469 11
9470 10
9471 10
9473 8
9477 11
9478 9
9482 11
9483 9
9484 5
9485 6
9486 7
9487 7
9488 11
9489 11
9490 11
9491 11
9492 12
9493 12
9494 10
9495 12
9496 11
9497 11
9498 11
9499 11
9500 11
9501 11
9502 12
9503 12
9504 12
9505 12
9506 12
9507 12
9508 11
9509 12
9510 12
9511 12
9512 12
9513 12
9514 12
9515 12
9516 12
9517 12
9518 12
9519 11
9520 12
9521 12
9522 12
9523 12
9524 12
9525 12
9526 12
9527 12
9528 12
9529 12
9530 11
9531 12
9532 12
9533 12
9534 12
9535 10
9536 9
9537 9
9538 11
9539 10
9540 10
9541 9
9542 10
9543 10
9544 10
9545 9
9546 10
9547 8
9548 9
9549 9
9550 8
9551 10
9552 9
9553 6
9554 7
9555 5
9556 8
9557 10
9558 10
9559 10
9560 10
9561 10
9562 11
9563 11
9564 10
9565 11
9566 11
9568 10
9569 10
9570 10
9571 10
9572 10
9573 11
9574 10
9575 10
9576 11
9577 11
9579 11
9580 10
9581 10
9582 10
9583 10
9584 10
9585 11
9586 10
9587 10
9588 7
9589 8
9590 8
9591 6
9592 7
9593 7
9594 8
9595 7
9596 11
9597 11
9598 9
9599 11
9600 9
9601 9
9602 9
9603 7
9606 11
9608 11
9609 7
9611 11
9612 10
9613 10
9614 11
9615 11
9616 11
9617 10
9618 10
9620 0
9621 0
9622 8
9623 8
9624 10
9625 10
9626 10
9629 10
9630 10
9631 10
9632 10
9633 10
9634 11
9635 10
9636 10
9637 11
9638 12
9640 9
9641 11
9642 10
9643 10
9644 10
9645 10
9646 11
9648 10
9649 11
9650 11
9652 9
9653 9
9654 8
9655 10
9656 11
9657 10
9658 9
9659 10
9660 11
9662 11
9663 11
9664 12
9665 12
9666 12
9667 12
9668 12
9669 12
9670 11
9671 12
9672 12
9673 12
9674 12
9675 12
9676 12
9677 12
9678 12
9679 12
9680 12
9681 11
9682 12
9683 12
9684 12
9685 12
9686 11
9687 11
9688 11
9689 11
9690 12
9691 12
9692 10
9693 12
9694 11
9695 11
9696 11
9697 10
9699 6
9700 8
9701 8
9702 8
9703 7
9704 8
9705 7
9706 7
9707 7
9708 7
9709 6
9710 7
9711 8
9713 8
9714 7
9715 8
9716 8
9717 8
9718 8
9719 6
9720 6
9721 7
9722 9
9723 5
9724 7
9725 6
9726 6
9727 10
9728 4
9729 5
9730 5
9731 7
9732 7
9733 7
9734 8
9735 7
9736 7
9737 8
9738 5
9739 6
9740 9
9741 7
9742 6
9743 9
9744 7
9745 8
9746 7
9747 8
9748 6
9751 7
9752 7
9754 8
9755 8
9756 6
9757 6
9758 5
9759 6
9760 6
9761 9
9762 6
9763 5
9765 8
9767 8
9768 6
9769 8
9770 8
9771 7
9772 9
9773 8
9774 8
9775 5
9776 10
9777 10
9778 10
9779 8
9780 9
9781 9
9782 8
9783 7
9784 8
9785 7
9786 6
9787 7
9788 7
9789 9
9790 8
9791 8
9792 8
9793 9
9794 4
9795 5
9796 5
9797 6
9798 6
9799 5
9800 4
9802 8
9803 9
9804 9
9805 5
9806 4
9808 7
9809 4
9810 4
9811 5
9812 6
9813 7
9814 6
9815 3
9816 6
9817 7
9818 6
9819 7
9820 6
9821 6
9822 7
9823 7
9824 6
9825 6
9826 5
9827 5
9828 5
9829 6
9830 5
9831 6
9832 8
9833 8
9834 8
9835 9
9836 9
9837 9
9838 9
9839 9
9840 10
9843 9
9844 9
9845 9
9846 9
9847 9
9848 10
9849 9
9850 9
9851 9
9852 9
9853 9
9854 9
9855 9
9856 10
9857 9
9858 9
9875 9
9878 6
9879 10
9880 10
9881 10
9882 10
9883 9
9884 9
9885 0
9886 6
9887 5
9888 5
9889 7
9890 8
9891 7
9892 5
9893 8
9894 5
9895 5
9896 5
9897 6
9898 6
9899 6
9900 5
9901 5
9902 6
9903 8
9904 6
9905 6
9906 6
9907 6
9908 6
9909 6
9910 6
9911 6
9912 5
9913 6
9914 6
9915 8
9916 8
9917 8
9918 8
9919 7
9920 8
9921 5
9922 5
9924 7
9926 5
9927 8
9928 8
9929 7
9930 7
9931 7
9932 7
9933 7
9934 7
9935 8
9936 7
9937 8
9938 7
9939 8
9940 8
9941 7
9942 9
9943 10
9944 10
9945 10
9946 9
9947 10
9948 11
9949 10
9950 11
9951 11
9952 11
9953 11
9954 11
9955 11
9956 10
9957 10
9958 9
9959 10
9960 10
9961 10
9962 11
9963 10
9964 10
9965 11
9966 11
9967 11
9968 11
9969 11
9970 11
9971 9
9972 10
9973 10
9974 10
9975 11
9976 10
9977 10
9978 11
9979 11
9980 11
9981 11
9982 11
9983 11
9985 9
9986 10
9987 10
9988 10
9989 10
9990 10
9991 11
9992 11
9993 11
9994 11
9995 11
9996 11
9997 8
9998 9
9999 9
10000 10
10001 10
10002 10
10003 10
10004 10
10005 10
10006 9
10008 9
10009 6
10010 6
10011 6
10012 6
10013 6
10014 11
10015 12
10016 12
10017 12
10018 12
10019 12
10020 12
10021 11
10022 12
10023 12
10024 12
10025 12
10026 7
10027 7
10028 7
10029 7
10030 7
10031 11
10033 7
10034 10
10035 11
10036 7
10037 10
10038 10
10039 7
10040 10
10041 10
10042 7
10043 10
10044 10
10045 7
10046 10
10047 10
10048 9
10049 9
10051 8
10052 9
10053 9
10054 6
10055 8
10056 11
10057 8
10058 9
10059 8
10060 9
10061 9
10062 9
10063 10
10064 9
10065 9
10066 9
10067 7
10068 7
10069 7
10070 7
10071 10
10072 11
10073 7
10074 10
10075 7
10076 11
10077 10
10078 10
10079 10
10080 10
10081 11
10082 10
10083 10
10084 10
10085 10
10086 10
10087 10
10088 10
10089 10
10090 11
10091 10
10092 10
10093 10
10094 11
10095 11
10096 11
10097 11
10098 8
10099 11
10100 10
10101 10
10102 11
10103 12
10104 10
10105 9
10106 11
10107 12
10109 11
10110 10
10111 10
10112 8
10113 11
10114 11
10115 11
10116 11
10117 11
10118 11
10119 11
10120 11
10121 11
10122 11
10123 11
10124 12
10125 12
10126 12
10127 13
10128 13
10129 13
10130 13
10131 13
10132 13
10133 13
10134 13
10135 13
10136 13
10137 13
10138 13
10139 13
10140 13
10141 13
10142 13
10143 13
10144 13
10145 13
10146 13
10147 13
10148 13
10149 13
10150 13
10151 11
10152 13
10153 13
10154 13
10155 13
10156 13
10157 13
10158 13
10159 13
10160 10
10161 7
10162 8
10163 8
10164 8
10165 8
10166 8
10167 8
10168 8
10169 8
10170 8
10171 8
10172 8
10173 8
10174 6
10175 8
10176 8
10177 8
10178 9
10179 8
10180 8
10181 8
10182 8
10183 8
10184 8
10185 10
10186 9
10187 9
10188 9
10189 9
10190 10
10191 9
10192 9
10193 9
10194 9
10195 9
10196 9
10197 9
10198 9
10199 10
10200 9
10201 9
10202 9
10203 9
10204 9
10205 9
10206 9
10207 9
10208 10
10209 9
10210 9
10211 9
10212 9
10213 10
10214 10
10215 10
10219 5
10220 7
10221 8
10222 7
10223 8
10224 7
10225 8
10226 7
10227 8
10228 8
10229 8
10230 8
10231 8
10232 11
10233 11
10234 9
10235 11
10236 8
10237 8
10238 8
10239 10
10241 10
10242 10
10243 9
10244 9
10245 9
10246 11
10247 11
10248 11
10249 11
10250 11
10251 11
10252 10
10253 11
10254 11
10255 11
10256 11
10257 11
10258 11
10259 11
10260 11
10261 11
10262 11
10263 10
10264 11
10265 11
10266 11
10267 11
10268 11
10269 11
10270 11
10271 11
10272 11
10273 11
10274 10
10275 11
10276 11
10277 11
10278 11
10280 6
10281 7
10282 8
10284 9
10285 8
10286 7
10287 8
10288 8
10289 8
10290 9
10291 8
10292 11
10293 10
10294 8
10295 8
10296 8
10297 8
10298 8
10299 9
10300 3
10301 7
10302 6
10303 6
10304 7
10305 8
10306 6
10307 4
10308 8
10309 7
10310 7
10311 3
10312 3
10313 3
10314 6
10315 5
10316 8
10317 8
10318 5
10319 7
10320 7
10321 7
10322 7
10323 8
10324 8
10325 10
10326 8
10327 8
10328 8
10329 8
10330 8
10331 10
10332 8
10333 8
10334 8
10335 8
10336 8
10337 10
10338 8
10339 8
10340 8
10341 8
10342 8
10343 10
10344 8
10345 8
10347 9
10348 9
10349 9
10350 9
10351 9
10352 10
10353 9
10354 9
10355 9
10356 9
10357 9
10358 9
10359 9
10360 9
10361 9
10362 9
10363 9
10364 10
10365 9
10366 9
10367 9
10368 9
10369 9
10370 9
10371 9
10372 9
10373 9
10374 9
10375 9
10376 10
10377 9
10378 9
10379 9
10380 9
10381 9
10382 9
10383 9
10384 9
10385 9
10386 9
10387 9
10388 10
10389 9
10390 9
10391 9
10392 9
10393 9
10394 9
10395 10
10396 10
10397 10
10398 10
10399 10
10400 11
10401 10
10402 10
10403 10
10404 10
10405 10
10406 10
10407 10
10408 10
10409 11
10410 10
10411 10
10412 10
10413 10
10414 10
10415 10
10416 10
10417 10
10418 11
10419 11
10420 10
10421 10
10422 11
10423 11
10424 11
10425 11
10426 11
10427 11
10428 10
10429 10
10430 10
10431 10
10432 11
10433 11
10434 11
10435 11
10436 11
10437 11
10438 6
10440 8
10441 9
10442 6
10443 6
10444 7
10445 7
10446 8
10447 8
10448 8
10450 7
10451 5
10452 5
10453 7
10454 8
10455 8
10456 6
10457 7
10458 7
10459 7
10460 5
10461 5
10462 8
10463 9
10464 10
10465 6
10468 9
10469 10
10470 8
10471 4
10472 3
10473 4
10474 6
10475 5
10476 6
10477 7
10478 6
10479 7
10480 4
10481 8
10482 6
10483 6
10484 4
10485 7
10486 6
10487 7
10488 9
10489 10
10490 8
10491 6
10492 8
10493 7
10494 6
10495 6
10496 4
10497 4
10498 7
10499 7
10500 6
10501 6
10502 6
10503 6
10504 6
10505 6
10506 6
10507 5
10508 6
10509 9
10510 7
10511 7
10512 5
10513 8
10514 8
10515 5
10516 5
10517 5
10518 5
10519 4
10521 6
10522 6
10523 6
10524 5
10525 6
10526 6
10527 5
10528 6
10529 6
10530 7
10531 7
10532 7
10533 8
10534 7
10535 6
10536 7
10537 9
10538 7
10539 7
10540 8
10541 5
10542 7
10543 6
10544 7
10545 8
10546 5
10547 5
10548 5
10549 6
10550 8
10551 7
10553 6
10554 8
10557 6
10558 8
10559 9
10560 7
10561 8
10562 5
10564 7
10565 7
10566 4
10567 6
10568 7
10569 5
10570 5
10571 7
10574 10
10575 8
10576 5
10577 7
10578 7
10579 7
10580 7
10582 7
10583 7
10584 7
10585 7
10587 7
10588 7
10590 10
10591 10
10592 10
10593 9
10594 10
10595 10
10596 10
10597 10
10598 10
10599 9
10600 10
10601 10
10602 5
10603 8
10604 6
10605 8
10606 8
10607 9
10608 9
10609 5
10610 6
10612 6
10614 6
10615 7
10616 6
10617 5
10618 8
10619 5
10620 9
10621 8
10622 4
10624 6
10625 8
10626 9
10627 9
10628 8
10629 6
10630 10
10631 9
10632 7
10633 7
10634 7
10635 7
10636 8
10637 4
10638 7
10639 7
10640 6
10641 7
10643 9
10644 8
10645 10
10646 7
10647 5
10648 5
10649 8
10650 10
10651 5
10652 6
10653 7
10654 8
10655 4
10656 7
10657 7
10658 6
10659 7
10660 7
10661 8
10662 7
10663 8
10664 9
10665 9
10666 9
10667 8
10668 7
10669 8
10672 6
10674 6
10675 7
10676 9
10677 8
10678 8
10679 6
10680 6
10681 6
10682 6
10683 6
10684 7
10685 6
10686 7
10687 6
10688 6
10689 7
10690 8
10691 8
10692 8
10693 10
10694 10
10695 9
10696 8
10697 10
10698 11
10699 10
10700 8
10701 7
10702 8
10704 8
10705 8
10706 8
10707 8
10708 8
10709 8
10710 8
10711 8
10712 8
10713 8
10714 8
10715 8
10716 8
10717 8
10719 5
10720 5
10721 7
10722 5
10723 5
10724 7
10726 8
10727 5
10728 8
10729 8
10730 8
10731 9
10732 6
10733 6
10734 5
10735 6
10736 6
10739 7
10740 4
10741 4
10742 4
10743 6
10744 9
10745 9
10746 9
10747 8
10748 9
10749 8
10750 8
10751 6
10752 9
10753 8
10754 8
10755 8
10756 9
10757 8
10758 8
10759 9
10760 9
10761 8
10762 5
10763 8
10764 8
10765 7
10766 3
10767 7
10769 8
10770 8
10771 9
10772 6
10773 7
10774 6
10775 8
10776 8
10777 7
10778 7
10779 7
10780 4
10781 5
10782 6
10783 6
10784 6
10785 6
10786 5
10787 5
10788 7
10789 8
10790 9
10791 9
10793 6
10794 6
10795 8
10796 8
10797 7
10798 7
10799 8
10800 9
10801 7
10802 6
10803 8
10804 9
10805 7
10806 9
10807 9
10808 8
10809 10
10810 10
10811 10
10812 11
10813 8
10814 8
10815 7
10816 6
10817 8
10818 6
10819 6
10820 7
10821 7
10822 7
10823 9
10824 6
10825 6
10826 7
10827 6
10828 8
10829 7
10830 7
10831 7
10832 7
10833 8
10834 8
10835 7
10836 6
10837 7
10838 7
10839 8
10841 9
10843 8
10844 8
10845 8
10846 8
10847 10
10848 10
10849 10
10850 9
10851 9
10852 7
10853 10
10854 8
10855 8
10856 11
10857 10
10858 8
10859 5
10860 5
10861 5
10862 7
10863 7
10864 6
10865 5
10866 4
10867 9
10868 10
10869 10
10871 8
10872 6
10873 8
10874 5
10875 7
10876 3
10877 7
10878 5
10879 5
10880 3
10881 4
10882 7
10883 7
10884 5
10885 4
10886 7
10888 7
10889 6
10890 6
10891 6
10892 5
10893 6
10894 4
10895 5
10896 7
10897 7
10898 6
10899 5
10900 6
10901 6
10902 5
10903 6
10904 5
10905 0
10906 6
10907 6
10908 6
10909 6
10910 7
10911 7
10912 6
10913 7
10914 6
10915 5
10916 6
10917 6
10918 6
10919 6
10920 8
10921 9
10922 8
10923 10
10924 10
10925 10
10926 10
10927 5
10928 5
10929 4
10930 5
10931 6
10932 3
10933 5
10934 6
10935 4
10936 4
10937 3
10938 6
10939 6
10940 7
10941 8
10942 4
10943 4
10944 7
10945 4
10946 8
10947 4
10948 3
10949 6
10950 7
10951 7
10952 4
10953 7
10954 6
10955 6
10956 7
10957 9
10958 9
10959 6
10960 5
10961 6
10962 6
10963 4
10964 5
10965 6
10966 5
10967 6
10968 4
10969 5
10970 6
10971 7
10972 7
10974 5
10975 7
10976 8
10977 6
10978 3
10979 5
10980 6
10981 6
10982 3
10983 3
10984 3
10985 2
10987 3
10988 5
10989 5
10990 5
10991 4
10992 8
10993 8
10994 10
10995 4
10996 4
10997 6
10998 5
10999 7
11000 6
11001 6
11002 7
11003 6
11004 4
11005 6
11006 3
11008 2
11009 3
11010 3
11011 3
11012 4
11013 3
11014 4
11015 5
11016 5
11017 3
11018 4
11019 4
11020 6
11021 4
11022 5
11023 7
11024 4
11025 3
11026 8
11027 7
11028 4
11029 5
11030 5
11031 6
11032 3
11033 4
11034 3
11035 7
11036 6
11037 8
11038 6
11039 5
11040 8
11041 7
11042 6
11043 4
11044 9
11045 13
11046 13
11047 13
11048 13
11049 13
11050 13
11051 9
11052 11
11053 11
11054 9
11055 11
11056 12
11057 12
11058 9
11059 9
11060 10
11061 8
11062 9
11063 9
11064 9
11065 10
11067 10
11068 8
11069 9
11070 9
11071 10
11072 10
11073 9
11074 11
11075 10
11076 8
11077 8
11078 8
11079 10
11080 9
11081 10
11082 11
11083 11
11084 10
11085 10
11086 10
11087 10
11088 10
11089 9
11090 10
11091 10
11092 10
11093 10
11094 9
11095 9
11096 6
11097 5
11098 6
11099 7
11100 7
11102 8
11103 7
11104 5
11105 6
11106 6
11107 8
11108 8
11109 8
11110 5
11111 4
11112 5
11113 5
11114 6
11115 6
11116 6
11117 6
11118 6
11119 7
11120 8
11121 4
11122 5
11123 6
11124 5
11125 6
11126 8
11127 8
11128 7
11129 9
11130 7
11131 8
11132 8
11133 4
11134 5
11135 5
11136 6
11137 6
11138 3
11139 7
11140 6
11141 8
11142 9
11143 9
11144 9
11145 5
11146 5
11147 7
11148 7
11149 8
11150 8
11151 8
11152 8
11153 6
11154 6
11155 7
11156 7
11157 6
11158 7
11159 7
11160 7
11161 7
11162 7
11163 7
11164 7
11165 7
11166 7
11167 7
11168 8
11169 6
11170 7
11171 6
11172 6
11173 7
11174 7
11175 8
11176 7
11177 8
11178 8
11179 8
11180 9
11181 8
11182 7
11183 9
11184 9
11185 8
11186 9
11187 9
11188 9
11189 10
11190 10
11191 10
11192 9
11193 9
11194 10
11195 9
11196 9
11197 9
11198 8
11199 9
11200 9
11201 7
11202 7
11203 7
11204 9
11205 9
11206 9
11207 9
11208 9
11209 9
11210 9
11211 8
11212 8
11213 8
11214 8
11215 9
11217 8
11218 8
11219 7
11220 6
11221 6
11222 7
11223 10
11224 9
11225 8
11226 8
11227 4
11228 8
11229 8
11230 8
11231 8
11232 6
11233 6
11234 6
11235 6
11236 6
11237 7
11238 7
11239 7
11240 7
11241 7
11242 7
11243 6
11244 6
11245 6
11246 7
11247 7
11248 6
11249 6
11250 6
11251 6
11252 5
11253 6
11254 6
11255 6
11256 6
11257 6
11258 6
11259 6
11260 7
11261 6
11262 6
11263 6
11264 6
11265 6
11266 6
11267 6
11268 7
11269 6
11270 6
11271 6
11272 7
11273 6
11274 6
11275 7
11276 5
11277 4
11278 7
11279 6
11280 7
11281 6
11282 6
11283 7
11284 8
11285 8
11286 8
11287 10
11288 10
11289 10
11290 10
11291 10
11292 10
11293 10
11294 10
11295 10
11296 10
11297 5
11298 5
11299 8
11300 8
11301 8
11302 6
11303 6
11304 8
11305 10
11307 7
11308 7
11309 7
11310 9
11311 9
11312 6
11313 6
11314 5
11315 11
11316 12
11317 12
11318 11
11319 11
11320 11
11321 12
11322 12
11323 6
11324 10
11325 11
11326 9
11327 9
11328 8
11329 8
11330 10
11331 7
11332 7
11333 7
11334 6
11335 9
11336 6
11337 6
11338 6
11339 8
11340 8
11341 8
11342 7
11343 7
11344 7
11345 8
11346 8
11347 5
11348 6
11349 7
11350 8
11351 8
11352 8
11353 5
11354 4
11355 4
11356 4
11357 5
11358 7
11359 6
11360 6
11361 6
11362 5
11363 6
11364 8
11365 7
11367 6
11368 6
11369 8
11370 8
11371 8
11372 6
11373 7
11374 8
11375 7
11376 5
11377 6
11378 6
11379 6
11380 6
11381 7
11382 7
11383 7
11384 5
11385 6
11386 6
11387 6
11388 6
11389 4
11390 4
11391 5
11392 6
11393 7
11394 7
11395 6
11396 6
11397 6
11398 5
11399 8
11400 5
11401 6
11402 6
11403 5
11404 6
11405 7
11406 6
11407 5
11408 5
11409 4
11410 4
11411 4
11412 4
11413 4
11414 7
11415 5
11416 5
11417 5
11418 5
11419 5
11420 2
11421 3
11422 4
11423 5
11424 7
11425 3
11426 4
11427 4
11428 4
11429 4
11430 4
11431 4
11432 5
11433 5
11434 5
11435 5
11436 4
11437 4
11438 4
11439 5
11440 5
11441 7
11442 4
11443 5
11444 6
11445 6
11446 4
11447 9
11448 6
11449 7
11450 5
11451 9
11452 4
11453 6
11454 6
11455 7
11456 7
11457 8
11458 3
11459 7
11460 4
11461 4
11462 4
11463 3
11464 7
11465 8
11466 8
11467 9
11468 7
11469 6
11470 6
11471 6
11472 8
11473 9
11474 6
11475 5
11476 6
11477 8
11478 7
11479 8
11480 7
11481 8
11482 8
11483 8
11484 8
11485 7
11486 7
11487 8
11488 7
11489 8
11490 8
11491 8
11492 7
11493 9
11494 9
11495 7
11496 7
11497 7
11498 9
11499 9
11500 8
11501 9
11502 9
11503 10
11504 10
11505 11
11506 9
11507 10
11508 9
11509 10
11510 9
11511 10
11512 9
11513 9
11514 5
11515 6
11516 7
11517 7
11518 7
11519 7
11520 8
11521 8
11522 8
11523 7
11524 6
11525 7
11526 7
11527 8
11528 11
11529 11
11530 9
11531 7
11532 10
11533 10
11534 5
11535 6
11536 7
11537 7
11538 7
11539 7
11540 5
11541 6
11542 7
11543 6
11544 6
11545 5
11546 6
11547 7
11548 7
11549 8
11550 8
11551 8
11552 7
11553 7
11554 7
11555 8
11556 8
11557 8
11558 9
11559 9
11560 7
11561 7
11562 7
11563 6
11564 8
11565 6
11566 6
11567 8
11568 8
11569 9
11570 9
11571 9
11572 9
11573 8
11574 7
11575 8
11576 7
11577 7
11578 7
11579 7
11580 8
11581 7
11582 7
11583 7
11584 7
11585 7
11586 7
11587 7
11588 8
11589 8
11590 8
11591 8
11592 8
11593 8
11594 9
11595 8
11596 8
11597 9
11598 9
11599 6
11600 6
11601 7
11602 7
11603 4
11604 5
11605 6
11606 7
11607 7
11608 6
11609 6
11610 6
11611 7
11612 8
11613 8
11614 8
11615 4
11616 5
11617 5
11618 6
11619 6
11620 3
11621 8
11622 8
11623 8
11624 9
11625 9
11626 8
11627 6
11628 6
11629 7
11630 7
11631 7
11632 7
11633 7
11634 7
11635 7
11636 6
11637 7
11638 8
11639 8
11640 7
11641 6
11642 6
11643 7
11644 7
11645 10
11646 8
11647 8
11648 6
11649 6
11650 6
11651 7
11652 7
11653 7
11654 7
11655 7
11656 7
11657 7
11658 7
11659 8
11660 6
11661 7
11662 8
11663 7
11664 8
11665 7
11666 6
11667 6
11668 6
11669 6
11670 6
11671 5
11672 5
11673 5
11674 5
11675 4
11676 7
11677 7
11678 8
11679 7
11680 7
11681 8
11682 8
11683 8
11684 8
11685 5
11686 6
11687 7
11688 7
11689 8
11690 9
11691 9
11692 9
11693 9
11694 8
11695 8
11696 9
11697 9
11698 9
11699 8
11700 8
11701 8
11702 5
11703 6
11704 6
11705 7
11706 7
11707 8
11708 8
11709 6
11710 6
11711 8
11712 7
11713 7
11714 7
11715 7
11716 8
11717 8
11718 5
11719 8
11720 8
11721 8
11722 8
11723 5
11724 6
11725 8
11726 4
11727 7
11728 7
11729 5
11730 4
11731 5
11732 4
11733 4
11734 6
11735 7
11736 7
11737 7
11738 7
11739 8
11740 8
11741 7
11742 5
11743 6
11744 7
11745 8
11746 8
11747 7
11748 10
11749 9
11750 5
11751 7
11752 8
11753 8
11754 9
11755 9
11756 9
11757 9
11758 9
11759 9
11760 9
11761 9
11762 9
11763 8
11764 8
11765 0
11766 4
11767 4
11768 5
11769 6
11770 6
11771 6
11772 4
11773 7
11774 7
11775 8
11776 8
11777 7
11778 7
11779 7
11780 6
11781 6
11782 6
11783 6
11784 6
11785 6
11786 6
11787 6
11788 5
11789 5
11790 6
11791 6
11792 3
11793 3
11794 7
11795 9
11796 9
11797 9
11798 7
11799 5
11800 6
11801 9
11802 8
11803 8
11804 3
11805 3
11807 6
11808 6
11809 5
11810 5
11811 5
11812 5
11813 6
11814 5
11815 6
11816 8
11817 8
11818 9
11819 12
11820 8
11821 6
11822 6
11823 6
11824 6
11825 9
11826 9
11827 9
11828 9
11829 9
11830 7
11831 8
11832 8
11833 8
11834 9
11835 10
11836 9
11837 10
11838 6
11839 7
11840 4
11841 7
11842 3
11843 3
11844 4
11845 7
11846 5
11847 5
11848 6
11849 5
11850 9
11851 7
11852 7
11853 7
11854 5
11855 5
11856 7
11857 5
11858 6
11859 8
11860 8
11861 6
11862 5
11863 7
11864 5
11867 8
11868 6
11869 4
11870 7
11871 6
11872 7
11873 4
11874 6
11875 4
11876 4
11877 5
11878 5
11879 6
11880 5
11881 6
11882 6
11883 5
11884 4
11885 4
11886 6
11887 6
11888 4
11889 4
11890 4
11891 5
11892 5
11893 5
11894 7
11895 7
11896 6
11897 9
11898 6
11899 7
11900 7
11901 7
11902 6
11903 7
11904 7
11905 7
11906 8
11907 8
11908 9
11909 7
11910 10
11911 6
11912 6
11913 7
11914 7
11915 4
11916 6
11917 9
11918 9
11919 7
11920 7
11921 7
11922 6
11923 8
11924 8
11925 8
11926 9
11927 6
11928 9
11929 10
11930 9
11931 8
11932 10
11933 11
11934 6
11935 7
11936 8
11937 8
11939 9
11940 9
11941 9
11942 6
11943 6
11944 5
11945 6
11946 6
11947 5
11948 6
11949 7
11950 7
11951 7
11952 8
11953 6
11954 5
11955 7
11956 7
11957 4
11958 8
11959 5
11960 10
11961 9
11962 9
11963 9
11964 6
11965 5
11966 6
11967 7
11968 4
11969 6
11970 4
11971 7
11972 6
11973 7
11974 5
11975 5
11976 7
11977 8
11978 8
11979 8
11980 9
11981 9
11982 10
11983 10
11984 9
11985 7
11986 6
11987 7
11988 7
11989 7
11990 8
11991 8
11992 8
11993 9
11994 6
11995 7
11996 6
11997 6
11998 7
11999 6
12000 9
12001 9
12002 7
12003 8
12004 8
12005 9
12006 9
12007 8
12008 8
12009 10
12010 10
12011 10
12012 10
12013 10
12014 10
12015 10
12016 10
12017 10
12018 10
12019 8
12020 8
12021 4
12022 4
12023 5
12024 5
12025 5
12026 6
12027 6
12028 6
12029 3
12030 4
12031 5
12032 6
12033 7
12034 6
12035 5
12036 6
12037 5
12038 9
12039 9
12040 8
12041 6
12042 6
12043 7
12044 8
12045 9
12046 4
12047 5
12048 8
12049 7
12050 6
12051 7
12052 5
12053 5
12054 6
12055 7
12056 5
12057 6
12058 6
12059 6
12060 6
12061 5
12062 5
12063 6
12064 6
12065 6
12066 5
12067 4
12068 5
12069 8
12070 8
12071 7
12072 6
12073 6
12074 9
12075 5
12076 6
12077 6
12078 9
12079 5
12080 10
12081 9
12082 10
12083 9
12084 5
12085 7
12086 6
12087 6
12088 6
12089 5
12090 5
12091 5
12092 6
12093 6
12094 6
12095 6
12096 6
12097 6
12098 5
12099 4
12100 4
12101 5
12102 6
12103 4
12104 10
12105 10
12106 7
12107 6
12108 5
12109 5
12110 9
12111 4
12112 5
12113 5
12114 9
12115 6
12116 4
12117 5
12118 6
12119 7
12120 8
12121 8
12122 8
12123 8
12124 8
12125 9
12126 7
12127 5
12128 10
12129 4
12130 4
12131 6
12132 7
12133 7
12134 6
12135 4
12136 5
12137 5
12138 6
12139 6
12140 4
12142 5
12143 4
12144 4
12145 4
12146 5
12147 6
12148 6
12149 6
12150 6
12151 6
12152 9
12153 5
12154 6
12155 7
12156 6
12157 8
12158 6
12159 7
12160 8
12161 7
12162 7
12163 6
12164 5
12165 6
12166 8
12167 8
12168 8
12169 8
12170 9
12171 6
12172 6
12173 6
12174 8
12175 5
12176 6
12177 7
12178 8
12179 7
12180 5
12181 6
12182 6
12183 9
12184 7
12185 7
12186 7
12187 4
12188 4
12189 6
12190 7
12191 7
12192 8
12193 8
12194 9
12195 5
12196 5
12197 8
12198 9
12199 5
12200 5
12201 6
12202 5
12203 6
12204 10
12205 9
12206 7
12207 8
12208 8
12209 7
12210 6
12211 5
12212 6
12213 7
12214 7
12215 8
12216 7
12217 4
12218 6
12219 7
12220 7
12221 5
12222 6
12223 5
12224 5
12225 11
12226 9
12227 9
12228 5
12229 6
12230 9
12231 9
12232 5
45001 9
12233 4
12234 8
45002 10
45003 8
12235 9
45004 9
12236 4
45005 6
12237 8
12238 7
45006 5
45007 7
12239 4
45008 7
12240 6
45009 6
12241 9
45010 5
12242 8
12243 4
45011 7
12244 5
45012 7
12245 6
45013 6
45014 4
12246 6
12247 7
12248 5
45016 7
45017 5
12249 5
12250 6
45018 9
12251 6
12252 3
12253 4
12254 5
12255 6
12256 8
12257 8
45025 10
45026 3
12258 6
45027 2
12259 9
12260 6
45028 11
12261 4
45029 6
12262 5
12263 6
12264 6
12265 6
12266 6
45034 8
12267 6
45035 8
45036 7
12268 7
45037 7
12269 5
12270 6
45038 7
45039 5
12271 6
12272 5
45040 4
12273 6
45041 5
12274 3
45042 7
12275 3
45043 8
12276 5
45044 8
12277 6
45045 8
12278 5
45046 4
12279 6
45047 7
12280 4
45048 7
12281 5
45049 5
12282 8
45050 6
12283 11
45051 6
12284 11
45052 6
12285 4
45053 6
12286 8
45054 7
12287 8
45055 6
12288 4
45056 4
12289 5
45057 5
45058 8
12290 5
12291 0
45059 6
45060 5
12292 9
12293 6
45061 7
12294 6
12295 9
12296 9
12297 9
12298 9
12299 9
12300 6
12301 8
12302 7
12303 6
12304 7
12305 7
12306 6
12307 9
12308 7
12309 4
12310 5
12311 6
12312 6
12313 10
12314 10
12315 5
12316 4
12317 8
12318 5
12319 8
12320 8
12321 8
12322 7
12323 7
12324 6
12325 7
12326 6
12327 7
12328 8
12329 6
12330 7
12331 5
12332 5
12333 6
12334 7
12335 5
12336 6
12337 3
12338 4
12339 5
12340 5
12341 10
12342 10
12343 8
12344 6
12345 4
12346 5
12347 6
12348 7
12349 7
12350 8
12351 8
12352 7
12353 8
12354 8
12355 7
12356 8
12357 8
12358 6
12359 7
12360 8
12361 8
12362 7
12363 8
12364 8
12365 8
12366 8
12367 9
12368 6
12369 8
12370 8
12371 6
12372 3
12373 3
12374 4
12375 8
12376 8
12377 6
12378 5
12379 3
12380 4
12381 5
12382 5
12383 5
12384 6
12385 7
12386 11
12387 6
12388 7
12389 6
12390 8
12391 4
12392 8
12393 5
12394 6
12395 6
12396 8
12397 6
12398 5
12399 6
12400 4
12401 6
12402 7
12403 7
12404 6
12405 7
12406 7
12407 6
12408 8
12409 8
12410 7
12411 6
12412 5
12413 10
12414 9
12415 4
12416 5
12417 5
12418 5
12419 5
12420 4
12421 9
12422 8
12423 9
12424 9
12425 8
12426 9
12427 6
12428 7
12429 10
12430 11
12431 6
12432 6
12433 5
12434 6
12435 9
12436 8
12437 7
12438 7
12439 7
12440 7
12441 9
12442 9
12443 5
12444 6
12446 6
12447 4
12448 5
12449 8
12450 5
12451 5
12452 6
12453 9
12454 9
12455 6
12456 6
12457 7
12458 7
12459 5
12460 11
12461 6
12462 7
12463 8
12464 8
12465 8
12466 6
12467 6
12468 5
12469 6
12470 6
12471 7
12472 7
12473 8
12474 6
12475 5
12476 6
12477 7
12478 9
12479 9
12480 7
12481 8
12482 9
12483 6
12484 6
12485 5
12486 6
12487 8
12488 8
12489 8
12490 6
12491 5
12492 8
12493 9
12494 9
12495 9
12496 5
12497 5
12498 4
12499 7
12500 6
12501 7
12502 10
12503 6
12504 7
12505 8
12506 8
12507 8
12508 5
12509 4
12510 6
12511 10
12512 10
12513 6
12514 6
12515 6
12516 7
12517 4
12518 8
12519 9
12520 7
12521 8
12522 8
12523 7
12524 5
12525 7
12526 8
12527 7
12528 7
12529 7
12530 7
12531 4
12532 5
12533 5
12534 8
12535 4
12536 5
12537 3
12538 5
12539 6
12540 6
12541 4
12542 6
12543 6
12544 5
12545 5
12546 4
12547 5
12548 4
12549 8
12550 8
12551 9
12552 9
12553 8
12554 8
12555 8
12556 5
12557 10
12558 5
12559 6
12560 6
12561 7
12562 8
12563 8
12564 8
12565 8
12566 8
12567 8
12568 8
12569 5
12570 6
12571 9
12572 9
12573 10
12574 10
12575 7
12576 9
12577 9
12578 9
12579 9
12580 9
12581 8
12582 8
12583 9
12584 9
12585 7
12586 8
12587 8
12588 7
12589 7
12590 7
12591 6
12592 7
12593 7
12594 8
12595 7
12596 7
12597 7
12598 7
12599 7
12600 7
12601 8
12602 8
12603 7
12604 8
12605 8
12606 8
12607 7
12608 8
12609 8
12610 6
12611 7
12612 6
12613 7
12614 6
12615 7
12616 8
12617 8
12618 7
12619 7
12620 5
12621 6
12622 7
12623 8
12624 8
12625 8
12626 8
12627 6
12628 5
12629 7
12630 7
12631 8
12632 4
12633 5
12634 8
12635 7
12636 8
12637 8
12638 3
12639 3
12640 4
12641 5
12642 9
12643 11
12644 12
12645 6
12646 8
12647 4
12648 5
12649 5
12650 11
12651 9
12652 6
12653 6
12654 6
12655 7
12656 7
12657 4
12658 5
12659 6
12660 6
12661 6
12662 6
12663 6
12664 5
12665 6
12666 6
12667 5
12668 5
12669 5
12670 5
12671 7
12672 7
12673 10
12674 10
12675 6
12676 6
12677 7
12678 10
12679 9
12680 3
12681 4
12682 6
12683 6
12684 6
12685 7
12686 7
12687 6
12688 4
12689 5
12690 10
12691 10
12692 10
12693 9
12694 10
12695 10
12696 9
12697 10
12698 7
12699 7
12700 8
12701 9
12702 9
12703 5
12704 6
12705 4
12706 5
12707 5
12708 5
12709 5
12710 5
12711 8
12712 5
12713 5
12714 5
12715 5
12716 6
12717 6
12718 5
12719 5
12720 6
12721 5
12722 5
12723 6
12724 8
12725 7
12726 8
12727 8
12728 10
12729 10
12730 9
12731 8
12732 6
12733 5
12734 7
12735 4
12736 7
12737 6
12738 9
12739 8
12740 5
12741 9
12742 6
12743 6
12744 8
12745 10
12746 6
12747 7
12748 8
12749 8
12750 8
12751 10
12752 11
12753 11
12754 6
12755 7
12756 7
12757 4
12758 5
12759 4
12760 6
12761 7
12762 10
12763 6
12764 6
12765 7
12766 7
12767 5
12768 6
12769 4
12770 5
12771 5
12772 4
12773 5
12774 5
12775 8
12776 6
12777 5
12778 9
12779 5
12780 4
12781 5
12782 8
12783 8
12784 7
12785 7
12786 6
12787 8
12788 9
12789 7
12790 6
12791 7
12792 9
12793 7
12794 11
12795 8
12796 9
12797 5
12798 6
12799 9
12800 9
12801 8
12802 8
12803 5
12804 8
12805 8
12806 7
12807 8
12808 6
12809 7
12810 7
12811 8
12812 7
12813 5
12814 5
12815 7
12816 8
12817 7
12818 8
12819 6
12820 8
12821 8
12822 8
12823 1
12824 2
12825 3
12826 3
12827 3
12828 3
12829 3
12830 2
12831 3
12832 4
12833 4
12834 4
12835 4
12836 3
12837 4
12838 4
12839 4
12840 4
12841 8
12842 4
12843 5
12844 6
12845 7
12846 7
12847 6
12848 8
12849 8
12850 7
12851 8
12852 6
12853 9
12854 9
12855 8
12856 8
12857 9
12858 9
12859 7
12860 8
12861 7
12862 5
12863 6
12864 7
12865 8
12866 8
12867 8
12868 8
12869 9
12870 8
12871 8
12872 7
12873 8
12874 5
12875 6
12876 7
12877 7
12878 7
12879 7
12880 8
12881 8
12882 9
12883 8
12884 8
12885 8
12886 9
12887 9
12888 8
12889 10
12890 9
12891 8
12892 6
12893 4
12894 6
12895 6
12896 6
12897 7
12898 7
12899 5
12900 5
12901 5
12902 5
12903 5
12904 5
12905 8
30000 5
30001 8
30002 9
30003 9
30004 9
30005 5
30006 5
30007 6
30008 9
30009 9
30010 8
30011 8
30012 5
30013 0
30014 6
30015 7
30016 7
30017 7
30018 7
30019 7
30021 5
30022 5
30023 5
30024 8
30025 5
30026 6
30027 7
30028 8
30029 7
30030 5
30031 9
30032 8
30033 9
30034 9
30035 8
30036 6
30037 7
30038 5
30039 8
30040 8
30041 7
30042 9
30043 7
30044 6
30045 6
30046 7
30047 7
30048 8
30049 6
30050 6
30051 6
30052 7
30053 5
30054 5
30055 7
30056 6
30057 5
30058 7
30059 6
30060 4
30061 5
30062 6
30063 6
30064 7
30065 7
30066 9
30067 8
30068 10
30069 7
30070 8
30071 9
30072 7
30073 0
30074 7
30075 5
30076 5
30077 6
30078 7
30079 9
30080 7
30081 11
30082 6
30083 7
30084 6
30085 6
30086 7
30087 5
30088 6
30089 5
30090 6
30091 7
30092 7
30093 6
30094 7
30095 6
30096 6
30097 7
30098 7
30099 7
30100 6
30101 7
30102 7
30103 6
30104 6
30105 6
30106 7
30107 7
30108 7
30109 7
30110 7
30111 7
30112 6
30113 6
30114 7
30115 7
30116 6
30117 7
30118 7
30119 6
30120 7
30121 7
30122 6
30123 6
30124 7
30125 8
30126 8
30127 9
30129 6
30130 6
30131 6
30132 7
30133 7
30134 7
30135 7
30136 6
30137 5
30138 4
30139 4
30140 4
30141 7
30142 4
30143 5
30144 5
30145 5
30146 5
30147 8
30148 4
30149 4
30150 6
30151 6
30152 0
30153 9
30154 8
30155 5
30156 7
30157 6
30158 9
30159 9
30160 9
30161 8
30162 9
30163 4
30164 5
30165 6
30166 7
30167 6
30168 8
30169 7
30170 8
30171 7
30172 6
30173 6
30174 7
30175 7
30176 7
30177 5
30178 5
30179 7
30180 7
30181 7
30182 7
30183 7
30185 7
30186 7
30187 7
30188 6
30190 6
30191 5
30192 8
30193 9
30194 9
30195 9
30196 8
30197 8
30198 9
30199 9
30200 9
30201 6
30202 7
30203 7
30205 6
30206 6
30207 5
30208 6
30209 6
30210 6
30211 10
30212 6
30213 6
30214 7
30215 6
30216 7
30217 6
30218 6
30219 9
30220 6
30221 7
30222 6
30223 5
30224 6
30225 7
30226 6
30227 7
30228 6
30229 7
30230 5
30231 7
30232 7
30233 9
30234 7
30235 7
30236 4
30237 6
30239 8
30241 8
30242 6
30243 6
30244 4
30245 5
30246 5
30247 5
30248 6
30249 8
30250 5
30251 10
30252 9
30253 8
30254 5
30255 8
30256 8
30257 7
30258 7
30259 7
30260 9
30261 8
30262 8
30263 8
30264 8
30265 9
30266 8
30267 5
30268 4
30269 5
30270 6
30271 6
30272 4
30273 6
30274 8
30275 8
30276 8
30277 9
30278 10
30279 11
30280 8
30281 9
30282 9
30283 9
30284 8
30285 11
30286 11
30289 8
30290 7
30291 8
30292 9
30293 9
30294 8
30295 8
30296 8
30297 8
30298 8
30299 8
30300 9
30301 10
30302 11
30303 11
30304 7
30305 8
30306 9
30307 9
30308 10
30309 10
30310 6
30311 6
30312 8
30313 4
30314 5
30318 8
30319 7
30320 7
30321 5
30322 6
30323 7
30324 7
30325 6
30326 6
30327 7
30328 8
30329 8
30330 7
30331 6
30332 7
30333 8
30334 9
30335 10
30336 11
30337 11
30338 4
30339 5
30340 0
30341 6
30344 6
30345 5
30346 5
30347 4
30348 5
30349 5
30350 6
30351 6
30352 4
30353 5
30354 6
30355 7
30356 8
30357 6
30358 6
30359 7
30360 7
30361 6
30362 7
30363 5
30364 5
30365 4
30366 4
30367 8
30368 9
30369 4
30370 8
30371 9
30372 9
30373 8
30374 9
30375 9
30376 8
30377 9
30378 9
30379 8
30380 9
30381 9
30383 9
30384 10
30385 10
30386 9
30387 10
30388 10
30389 7
30390 7
30391 6
30392 7
30393 6
30394 6
30396 5
30397 6
30398 7
30399 6
30400 6
30401 7
30402 5
30403 6
30404 7
30405 6
30406 5
30407 10
30408 10
30409 7
30410 5
30411 6
30412 6
30413 8
30414 9
30415 9
30416 6
30417 7
30418 7
30419 7
30420 7
30421 7
30422 0
30423 5
30424 8
30425 9
30426 7
30427 8
30428 5
30429 5
30430 6
30431 5
30432 5
30433 6
30434 5
30436 5
30437 8
30438 9
30439 9
30440 8
30441 9
30442 9
30443 9
30444 9
30445 7
30446 8
30447 6
30448 5
30449 4
30450 6
30451 4
30452 5
30453 4
30454 5
30455 6
30456 7
30457 8
30458 8
30460 8
30461 7
30462 7
30463 7
30464 8
30465 8
30466 6
30467 6
30468 6
30469 7
30470 8
30471 8
30472 8
30473 8
30474 8
30475 9
30476 9
30477 9
30478 9
30479 9
30480 9
30481 9
30482 9
30483 10
30484 10
30485 7
30486 7
30487 7
30488 7
30489 7
30490 8
30491 11
30493 10
30494 10
30495 9
30496 10
30497 10
30498 9
30499 10
30500 9
30501 10
30502 8
30503 10
30504 11
30505 9
30506 8
30507 9
30508 9
30509 9
30510 9
30511 5
30512 5
30513 6
30514 6
30515 6
30516 7
30517 7
30518 8
30519 8
30520 8
30521 8
30522 7
30523 7
30524 7
30525 7
30526 7
30527 7
30528 7
30529 7
30530 7
30531 6
30532 6
30533 7
30534 7
30535 7
30536 8
30537 8
30538 8
30539 8
30540 8
30541 8
30542 8
30543 8
30544 8
30545 8
30546 8
30547 8
30548 8
30549 8
30550 8
30551 7
30552 7
30553 7
30554 8
30555 8
30556 8
30557 8
30558 8
30559 8
30560 8
30561 8
30562 8
30563 8
30564 8
30565 8
30566 8
30567 8
30568 8
30569 8
30570 8
30571 8
30572 8
30573 8
30574 8
30575 8
30576 8
30577 8
30578 8
30579 8
30580 8
30581 8
30582 8
30583 8
30584 6
30585 7
30586 7
30587 7
30588 6
30589 7
30590 7
30591 7
30592 7
30593 8
30594 8
30595 8
30596 9
30597 9
30598 9
30599 9
30601 6
30602 7
30603 7
30604 7
30605 7
30606 9
30607 10
30608 10
30609 9
30610 9
30611 9
30612 8
30613 9
30614 10
30615 10
30616 10
30617 10
30618 11
30619 11
30620 9
30621 10
30622 10
30623 10
30624 10
30625 9
30626 11
30627 10
30628 11
30629 8
30630 8
30631 8
30632 8
30633 9
30634 9
30635 9
30636 10
30637 9
30638 11
30639 11
30640 12
30641 12
30642 12
30643 9
30644 6
30645 4
30646 4
30647 4
30648 4
30649 4
30650 4
30651 4
30652 4
30654 5
30655 5
30656 5
30657 5
30658 6
30659 6
30660 6
30661 8
30662 8
30663 7
30664 6
30665 6
30666 8
30667 9
30668 7
30669 6
30670 6
30671 7
30672 7
30673 8
30674 3
30675 11
30676 5
30677 5
30679 7
30680 3
30681 6
30682 7
30683 6
30684 4
30685 5
30686 5
30687 4
30688 5
30689 5
30690 9
30691 7
30692 6
30693 7
30694 9
