1 0
2 0
3 2
5 5
8 5
10 4
12 0
13 3
15 4
17 4
18 4
19 4
20 4
21 5
22 4
23 4
24 5
25 5
26 3
27 0
28 6
29 6
30 4
31 4
32 5
33 7
34 4
35 4
36 6
37 6
38 0
39 4
40 6
41 7
42 7
43 8
44 8
45 6
46 4
47 0
48 7
49 3
51 0
52 4
53 4
54 4
60 4
61 4
62 5
63 5
64 5
65 4
66 5
67 5
69 6
71 4
73 5
74 6
75 7
77 7
78 8
79 7
80 8
81 6
82 7
83 5
84 4
85 7
87 9
88 10
90 10
91 11
94 9
97 10
98 7
99 8
100 7
101 8
102 7
103 9
104 7
105 5
106 7
107 7
108 5
109 7
111 5
114 9
116 4
117 6
118 6
119 6
120 6
121 7
122 7
124 6
125 7
126 6
127 7
128 6
129 7
130 4
131 5
132 6
133 5
134 5
135 6
136 9
137 5
138 6
139 8
140 8
141 6
142 0
143 0
148 0
149 5
150 5
151 7
152 8
153 6
154 6
155 6
156 0
157 5
158 6
159 6
160 6
161 6
162 6
163 3
164 4
165 6
166 4
167 5
168 5
172 4
175 6
176 0
180 5
181 8
182 9
183 9
184 5
186 9
187 5
188 4
189 6
192 4
194 6
195 6
198 6
199 5
202 6
203 6
208 8
215 8
216 8
217 5
218 6
219 8
220 10
221 6
222 8
223 10
226 7
228 6
229 4
230 3
231 5
233 4
237 0
238 12
239 8
240 7
242 4
243 5
245 7
247 0
248 7
249 3
250 4
255 4
256 7
259 4
260 5
262 6
263 6
264 7
265 4
266 3
267 4
268 0
269 5
270 5
272 6
273 6
274 5
275 6
276 8
277 4
278 4
279 5
280 6
281 5
282 5
284 6
285 4
286 6
287 5
288 4
291 5
292 5
293 6
295 8
296 8
297 6
298 7
299 7
300 8
301 7
304 4
306 0
307 0
313 3
314 8
315 6
316 4
317 0
318 0
319 0
321 5
322 6
324 7
327 4
328 7
329 0
330 0
332 5
333 5
334 6
336 7
339 7
340 0
341 4
343 3
344 8
346 4
348 3
350 3
351 4
352 4
353 0
354 0
355 0
356 0
357 0
358 2
359 6
360 0
361 7
362 7
363 0
364 7
365 0
366 0
367 3
370 6
371 6
372 6
373 7
374 0
376 5
377 3
378 4
379 4
380 4
381 4
382 5
383 3
384 4
385 4
386 0
387 5
388 5
389 5
390 6
391 5
392 5
393 4
394 6
395 0
396 5
397 4
398 5
399 5
400 4
401 5
402 4
403 5
404 5
405 4
406 5
407 4
408 5
410 5
411 5
412 6
413 7
414 6
416 6
417 6
418 6
419 0
420 5
421 8
422 6
423 4
424 6
425 5
426 6
427 3
428 2
430 9
431 9
432 2
433 4
434 4
435 4
436 6
437 4
438 5
439 7
440 6
441 7
443 4
445 5
446 5
447 5
448 5
449 5
450 5
451 5
452 4
453 5
454 7
455 8
457 10
458 8
459 6
460 10
461 8
462 2
464 8
465 5
466 5
467 3
468 4
469 5
470 3
471 6
472 7
473 7
474 4
476 0
477 3
478 5
479 5
480 6
481 6
482 6
483 0
484 5
485 0
486 5
487 8
488 4
489 4
490 4
491 6
492 5
493 6
494 5
495 5
496 4
497 5
498 6
499 6
500 5
501 4
502 0
503 5
504 0
505 5
506 0
507 5
508 3
509 0
510 6
511 5
512 4
513 0
516 2
519 5
520 4
521 4
522 5
523 7
524 6
525 5
526 6
527 4
528 5
530 4
531 5
532 6
533 4
534 3
535 5
536 4
537 3
538 3
539 4
540 4
541 0
542 3
543 5
544 5
545 0
547 3
548 3
549 3
550 3
551 4
552 6
553 7
554 5
555 6
556 3
557 4
558 6
559 6
561 5
562 5
564 5
565 5
566 3
567 5
568 5
569 5
571 6
572 3
573 4
574 4
575 6
576 4
577 6
578 4
579 3
580 4
581 0
582 4
583 5
585 3
588 3
589 3
592 4
593 0
596 4
597 5
598 3
599 5
600 6
601 5
602 6
603 4
604 2
606 7
607 6
608 7
609 3
610 4
611 4
612 0
613 5
614 6
615 5
616 7
617 6
618 6
619 6
620 7
621 8
622 6
623 6
624 5
627 5
628 6
629 7
630 6
631 4
632 6
633 6
635 9
636 8
637 0
638 0
639 4
640 6
642 5
643 6
644 5
645 7
646 7
647 5
648 6
649 6
650 5
652 6
653 3
654 4
655 4
659 8
660 9
661 7
662 8
664 7
665 8
666 7
671 6
672 0
674 4
675 5
676 3
678 4
679 4
680 5
681 4
683 4
685 2
687 5
688 6
689 4
690 5
691 6
692 6
693 7
694 7
696 5
697 0
698 0
700 5
701 5
702 6
703 4
704 5
705 5
706 6
708 7
709 6
711 8
712 0
713 0
714 10
715 10
716 3
717 7
726 9
727 12
729 4
730 4
731 4
732 5
733 3
734 3
736 4
737 5
738 4
740 5
741 4
742 7
743 4
745 5
746 5
747 3
748 4
749 3
750 3
751 3
752 3
753 5
754 5
755 6
756 6
757 4
759 3
761 6
762 3
763 6
764 5
765 6
766 7
767 3
768 0
771 4
774 5
776 9
777 10
778 3
779 0
780 7
781 8
783 4
784 7
785 6
786 6
787 5
788 7
789 8
790 8
791 8
792 7
794 7
795 8
796 8
797 8
798 7
799 8
800 8
801 7
802 8
803 9
804 7
805 8
807 6
808 6
809 8
811 8
812 8
813 8
814 9
815 8
816 0
818 6
819 7
820 7
821 8
822 5
823 6
825 7
826 6
827 7
828 5
829 7
830 5
831 6
832 6
833 7
834 6
835 6
836 6
837 6
838 0
839 7
840 6
841 4
842 6
843 7
844 6
846 5
847 5
848 5
849 6
850 7
851 8
852 7
853 10
854 6
855 7
856 7
857 9
858 3
859 8
860 9
861 11
862 11
863 9
864 8
865 9
866 9
867 9
868 10
869 9
870 11
871 11
872 7
873 8
874 8
875 9
876 5
877 4
878 10
879 6
880 6
881 0
882 0
883 0
884 10
885 5
886 9
887 10
888 10
889 9
890 10
891 0
892 0
893 0
894 0
895 0
896 0
897 5
898 8
899 8
900 9
901 9
904 9
905 10
906 6
907 7
908 7
909 6
910 7
911 6
912 7
913 4
914 5
917 6
919 6
920 3
921 4
923 5
924 6
925 5
926 6
927 6
928 7
929 6
930 5
932 5
933 6
934 6
935 7
936 7
937 5
938 5
939 6
940 4
941 0
942 0
944 0
947 4
948 4
950 4
951 4
952 4
953 5
954 5
955 3
956 4
958 4
959 4
960 5
961 6
962 7
963 7
964 7
965 4
966 6
968 4
969 5
970 5
971 5
972 5
973 6
974 7
975 8
976 8
977 7
978 8
979 7
980 8
981 8
982 7
983 8
984 8
985 7
986 7
987 8
988 7
989 7
990 6
991 8
992 9
993 9
994 8
995 9
996 9
997 4
998 5
999 7
1000 8
1001 5
1002 3
1003 6
1004 9
1005 10
1006 10
1007 4
1008 5
1009 7
1010 7
1011 7
1012 9
1013 8
1014 8
1015 8
1016 7
1017 7
1018 0
1019 8
1020 9
1021 9
1022 8
1023 9
1024 9
1025 5
1026 4
1027 0
1028 0
1031 0
1032 4
1033 4
1034 5
1035 6
1036 7
1037 5
1038 4
1039 0
1040 7
1041 0
1042 0
1043 0
1044 4
1045 5
1046 4
1047 5
1048 5
1049 6
1051 4
1052 4
1053 5
1054 6
1055 6
1056 4
1059 5
1061 5
1062 6
1063 5
1064 6
1065 5
1066 6
1067 7
1068 7
1069 6
1070 5
1071 5
1072 5
1073 5
1074 5
1075 5
1076 5
1077 4
1078 5
1079 6
1080 6
1081 4
1082 5
1083 6
1084 6
1085 7
1086 7
1087 6
1088 7
1089 7
1091 0
1092 5
1093 6
1094 7
1095 6
1096 5
1097 6
1098 7
1100 5
1101 6
1102 7
1105 4
1106 5
1107 6
1108 7
1109 8
1116 5
1117 7
1119 3
1120 6
1121 9
1123 7
1124 5
1125 6
1126 5
1127 7
1128 8
1129 8
1130 7
1131 6
1132 9
1133 4
1134 7
1135 7
1136 8
1137 8
1138 9
1139 6
1140 7
1141 8
1142 7
1143 8
1144 8
1145 3
1146 5
1147 7
1148 7
1149 8
1150 7
1151 8
1152 8
1153 8
1154 7
1155 5
1156 4
1157 7
1158 5
1159 6
1163 6
1167 7
1168 6
1169 5
1170 6
1173 0
1175 3
1176 4
1177 3
1178 6
1179 7
1180 0
1181 4
1182 4
1183 7
1184 7
1186 1
1188 2
1189 5
1190 4
1191 3
1192 4
1193 4
1194 5
1195 4
1196 4
1197 5
1198 4
1199 4
1200 4
1201 4
1202 3
1203 3
1204 3
1208 4
1209 5
1210 4
1211 4
1212 4
1213 3
1214 4
1215 4
1216 3
1217 4
1218 4
1219 4
1220 4
1221 4
1222 4
1224 4
1230 4
1231 4
1232 5
1233 4
1234 5
1235 5
1236 4
1237 5
1238 5
1239 4
1240 4
1241 5
1242 5
1243 3
1244 4
1245 4
1246 4
1247 4
1248 0
1249 0
1251 5
1253 4
1254 5
1255 5
1256 4
1257 5
1258 5
1259 4
1260 5
1261 6
1262 5
1263 6
1264 4
1265 4
1267 3
1268 4
1270 2
1272 4
1273 4
1274 4
1277 4
1278 4
1279 4
1280 4
1281 4
1282 4
1283 4
1284 4
1286 3
1288 6
1289 5
1290 5
1292 7
1293 3
1296 4
1297 4
1299 3
1300 4
1301 0
1302 4
1303 4
1304 5
1305 5
1306 5
1307 6
1308 5
1309 6
1310 4
1312 4
1313 5
1314 5
1316 5
1317 6
1318 7
1319 7
1320 7
1322 5
1323 0
1324 3
1325 5
1326 6
1327 10
1328 7
1329 6
1330 4
1332 5
1333 5
1334 6
1335 0
1336 0
1337 3
1340 3
1341 4
1343 4
1344 4
1345 7
1346 4
1347 5
1348 4
1349 3
1353 6
1354 7
1355 6
1356 7
1357 6
1358 6
1359 0
1360 4
1361 5
1362 5
1363 6
1364 6
1365 0
1366 0
1373 0
1375 5
1376 5
1377 5
1378 4
1379 4
1380 6
1382 7
1384 8
1385 7
1386 6
1387 0
1388 5
1389 3
1391 6
1392 5
1393 7
1394 5
1395 6
1396 6
1398 0
1399 7
1400 4
1401 5
1402 7
1404 7
1405 5
1406 7
1407 8
1408 4
1409 5
1410 5
1411 5
1412 4
1413 5
1414 0
1415 7
1416 0
1417 7
1418 0
1421 0
1422 4
1423 5
1424 0
1425 4
1426 7
1428 5
1429 4
1431 4
1432 5
1433 7
1435 6
1436 5
1437 6
1438 6
1440 3
1441 4
1442 4
1443 4
1444 0
1445 0
1446 5
1447 5
1448 4
1450 0
1451 0
1452 0
1454 5
1455 0
1456 0
1457 0
1458 4
1459 0
1460 5
1461 0
1462 5
1463 4
1464 0
1465 0
1468 4
1469 5
1470 0
1471 0
1473 6
1475 7
1482 0
1483 0
1485 6
1486 6
1488 7
1489 7
1490 6
1491 8
1492 6
1496 6
1499 6
1500 7
1501 4
1502 3
1503 0
1504 4
1505 5
1506 5
1507 0
1508 0
1509 0
1510 4
1511 5
1512 5
1513 6
1514 0
1515 5
1516 4
1522 7
1523 8
1524 7
1525 5
1526 5
1527 7
1529 3
1530 0
1531 0
1532 0
1533 2
1539 8
1541 4
1542 3
1544 2
1545 2
1547 4
1548 5
1552 6
1553 7
1554 7
1556 9
1559 6
1560 5
1562 5
1565 5
1566 6
1569 4
1570 5
1573 6
1574 4
1575 4
1577 4
1584 0
1585 5
1586 6
1588 7
1589 8
1596 5
1598 4
1599 4
1601 8
1602 9
1603 9
1606 4
1613 4
1614 3
1615 0
1616 0
1619 4
1622 5
1625 6
1627 4
1629 4
1633 4
1634 5
1636 4
1637 0
1641 0
1648 4
1649 9
1650 5
1651 0
1652 6
1653 4
1654 4
1655 5
1656 5
1657 2
1658 6
1659 0
1661 3
1663 2
1664 3
1665 5
1666 4
1667 0
1668 5
1669 5
1670 5
1671 4
1672 2
1674 4
1675 5
1676 5
1677 6
1678 6
1679 6
1680 5
1683 6
1684 6
1685 5
1687 6
1688 4
1689 6
1690 6
1691 5
1693 7
1694 5
1695 4
1696 5
1697 4
1698 5
1699 5
1700 5
1701 6
1704 4
1705 4
1706 4
1710 5
1711 4
1712 5
1713 8
1714 9
1715 8
1716 5
1717 8
1718 4
1719 5
1720 0
1721 6
1722 5
1723 5
1724 4
1725 4
1726 4
1727 5
1728 6
1729 6
1730 3
1731 3
1732 4
1734 0
1739 5
1740 6
1741 0
1742 6
1743 6
1744 6
1745 6
1746 6
1747 8
1748 7
1749 8
1750 7
1751 7
1752 4
1753 5
1754 5
1755 0
1756 3
1758 4
1759 5
1760 4
1761 4
1762 4
1763 0
1764 2
1765 3
1766 0
3000005 5
3000004 4
1770 5
1771 5
3000001 4
3000003 5
1775 5
3000002 0
1776 5
1777 3
1778 4
1780 5
1781 4
1783 5
1784 3
1785 4
1786 5
1787 5
1788 3
1790 2
1791 0
1792 4
1793 4
1794 0
1795 0
1796 0
1797 0
1798 6
1799 0
1800 3
1802 9
1804 0
1805 8
1806 8
1807 8
1808 0
1809 0
1817 0
1818 0
1819 3
1820 0
1823 7
1824 5
1825 9
1828 7
1829 10
1830 10
1831 0
1832 0
1833 0
1834 0
1835 3
1836 4
1837 5
1838 5
1839 5
1840 6
1841 6
1842 0
1844 5
1845 3
1846 4
1847 5
1848 5
1849 3
1850 5
1851 3
1852 5
1853 5
1854 6
1855 7
1856 6
1857 6
1858 4
1859 5
1860 5
1861 5
1862 6
1863 5
1864 6
1866 5
1867 6
1868 6
1869 4
1870 6
1872 5
1873 5
1874 6
1875 6
1876 4
1877 0
1879 3
1881 5
1882 6
1883 8
1884 8
1885 8
1886 0
1889 5
1890 4
1891 5
1893 6
1895 0
1898 6
1899 7
1900 4
1901 7
1902 7
1903 0
1904 0
1905 4
1906 5
1907 0
1908 3
1909 7
1911 3
1912 4
1913 4
1914 4
1915 3
1916 6
1917 7
1919 2
1921 4
1922 4
1923 4
1924 4
1925 4
1926 4
1927 5
1928 4
1929 3
1930 4
1931 4
1932 5
1933 4
1934 5
1935 5
1937 5
1938 6
1939 5
1940 8
1942 4
1943 3
1944 3
1945 5
1947 3
1948 4
1949 0
1950 4
1951 5
1952 7
1953 4
1954 6
1956 6
1957 6
1958 6
1959 0
1961 5
1963 3
1964 0
1965 0
1966 0
1967 5
1968 2
1970 4
1973 6
1974 0
1975 0
1977 0
1978 0
1980 5
1981 6
1982 6
1983 2
1984 3
1985 2
1986 3
1987 5
1988 5
1989 0
1990 0
1993 6
1994 7
1995 7
1997 0
1998 0
1999 3
2001 4
2002 0
2003 7
2006 1
2007 7
2009 3
2010 0
2012 8
2013 8
2014 6
2015 4
2016 6
2018 6
2019 3
2020 4
2021 5
2023 8
2024 8
2025 0
2026 7
2027 9
2030 9
2031 7
2032 7
2033 7
2035 7
2036 7
2037 8
2038 7
2039 7
2041 7
2042 0
2043 9
2044 7
2045 8
2047 8
2048 7
2049 9
2050 8
2051 8
2052 4
2053 5
2054 0
2055 0
2056 0
2057 0
2058 6
2059 5
2060 2
2061 4
2062 4
2063 3
2064 3
2065 4
2066 3
2067 3
2068 4
2069 3
2070 0
2071 0
2072 0
2073 5
2074 5
2075 5
2076 0
2078 3
2079 6
2080 4
2081 5
2082 5
2083 3
2084 3
2085 3
2086 3
2087 0
2088 3
2089 2
2090 3
2091 0
2092 2
2093 0
2094 0
2095 4
2096 0
2097 0
2098 3
2099 0
2100 5
2101 0
2102 2
2103 0
2106 2
2107 0
2108 2
2109 2
2110 4
2111 2
2112 0
2113 3
2114 3
2115 4
2116 4
2117 0
2118 3
2119 6
2121 0
2122 0
2123 6
2126 0
2127 2
2128 3
2131 0
2132 2
2133 2
2134 0
2135 3
2136 3
2137 0
2138 2
2139 2
2140 0
2143 0
2144 8
2145 8
2146 0
2147 0
2148 3
2149 0
2150 0
2151 4
2152 3
2156 0
2159 0
2160 2
2161 3
2162 0
2163 2
2164 2
2165 0
2166 2
2167 0
2168 2
2169 2
2174 5
2175 6
2176 6
2177 3
2180 0
2181 0
2182 5
2183 4
2184 3
2185 0
2187 6
2188 5
2189 4
2190 6
2191 4
2192 5
2193 6
2194 6
2195 6
2196 8
2199 5
2200 4
2201 0
2204 4
2205 0
2206 4
2207 5
2208 4
2209 5
2210 3
2211 4
2212 4
2213 5
2214 4
2215 0
2216 6
2217 6
2218 6
2219 6
2220 5
2221 4
2222 0
2223 6
2224 5
2225 0
2227 5
2228 5
2229 3
2230 6
2231 5
2232 0
2233 4
2234 3
2235 5
2236 5
2237 5
2238 5
2239 5
2240 4
2241 6
2242 6
2243 6
2244 7
2245 5
2246 5
2247 5
2248 5
2249 3
2250 4
2251 4
2252 4
2253 4
2254 3
2255 4
2256 4
2257 5
2258 5
2260 5
2261 5
2262 6
2263 4
2264 5
2265 6
2266 6
2267 5
2268 6
2269 3
2270 6
2271 6
2272 3
2273 6
2274 7
2275 7
2276 4
2277 4
2278 0
2279 5
2280 5
2281 5
2282 3
2283 0
2284 4
2285 4
2286 6
2287 0
2288 0
2291 0
2292 4
2293 5
2294 5
2295 3
2296 5
2297 5
2298 0
2299 0
2300 0
2301 0
2302 0
2303 0
2304 5
2305 0
2306 5
2307 0
2308 5
2309 5
2310 4
2311 5
2312 5
2313 5
2314 4
2315 0
2316 5
2318 5
2319 5
2320 7
2321 7
2322 4
2323 4
2324 7
2325 6
2326 6
2327 4
2328 5
2329 4
2330 5
2332 3
2333 5
2334 6
2335 7
2336 5
2337 5
2338 5
2339 4
2340 6
2341 0
2342 5
2343 5
2344 6
2345 7
2346 7
2347 6
2348 5
2349 5
2350 5
2351 6
2352 6
2353 6
2354 6
2355 0
2356 5
2357 5
2358 6
2359 8
2360 8
2361 6
2362 6
2363 6
2364 5
2365 0
2367 5
2368 5
2369 6
2370 5
2371 6
2373 0
2374 0
2375 6
2376 5
2377 4
2378 4
2379 5
2380 6
2381 0
2382 0
2383 0
2384 6
2385 6
2386 6
2387 0
2388 6
2389 6
2390 0
2391 7
2392 7
2393 4
2394 0
2395 0
2396 2
2397 4
2398 3
2399 4
2400 5
2401 8
2403 8
2404 7
2405 3
2406 5
2407 9
2408 9
2409 5
2410 6
2411 6
2412 6
2413 5
2414 4
2415 9
2416 6
2417 5
2418 6
2419 3
2420 3
2421 3
2422 6
2423 6
2424 6
2425 6
2426 0
2427 5
2428 5
2429 3
2432 9
2433 11
2434 11
2435 8
2436 9
2439 8
2440 8
2441 5
2442 4
2443 9
2444 6
2445 8
2446 8
2447 6
2450 4
2451 5
2452 4
2453 7
2454 6
2455 6
2456 7
2458 8
2459 6
2460 7
2461 7
2462 5
2463 6
2464 6
2465 6
2467 7
2468 0
2469 0
2470 0
2471 4
2472 5
2473 5
2474 0
2475 0
2476 0
2477 0
2478 0
2479 0
2480 0
2481 0
2482 0
2483 0
2484 0
2485 0
2486 0
2487 0
2488 0
2490 4
2491 8
2492 8
2493 8
2494 8
2495 8
2496 8
2497 8
2498 4
2499 4
2500 5
2501 0
2502 0
2503 3
2504 0
2505 0
2506 0
2507 0
2508 0
2509 0
2510 0
2511 0
2512 0
2513 0
2514 0
2515 0
2516 0
2517 0
2518 0
2519 0
2520 0
2521 0
2522 0
2523 0
2524 0
2525 0
2526 0
2527 0
2528 0
2529 0
2530 0
2531 5
2532 5
2533 5
2534 5
2535 0
2536 0
2538 0
2539 0
2540 0
2541 0
2543 7
2544 5
2546 7
2551 5
2552 0
2553 4
2554 4
2555 5
2556 4
2557 3
2558 4
2559 4
2560 5
2561 4
2562 5
2563 5
2564 5
2565 5
2566 4
2567 0
2568 0
2570 5
2571 4
2572 3
2573 5
2574 8
2575 5
2576 7
2577 8
2578 5
2579 6
2580 6
2581 5
2582 4
2583 5
2584 8
2585 0
2586 6
2587 0
2588 0
2589 0
2590 8
2591 8
2592 0
2593 8
2594 8
2596 7
2597 0
2598 0
2599 7
2600 0
2601 0
2602 6
2603 0
2604 0
2605 0
2606 7
2607 7
2608 8
2609 0
2610 0
2611 0
2614 0
2619 6
2620 8
2621 6
2622 6
2623 7
2624 6
2625 8
2626 5
2627 6
2628 4
2629 7
2630 5
2631 6
2632 3
2633 7
2634 3
2635 4
2636 7
2637 8
2638 3
2639 8
2640 7
2641 7
2642 9
2643 7
2644 6
2645 5
2646 6
2647 6
2648 8
2649 8
2650 6
2651 5
2652 6
2653 3
2654 4
2655 4
2656 4
2657 4
2658 4
2659 9
2660 7
2661 7
2662 7
2663 7
2664 7
2665 6
2666 6
2667 6
2668 5
2669 6
2670 7
2671 6
2672 6
2673 4
2674 5
2675 6
2676 9
2678 8
2679 6
2680 7
2681 7
2682 8
2683 4
2685 5
2686 9
2687 7
2688 0
2689 6
2690 7
2691 4
2693 3
2694 4
2695 5
2696 6
2697 3
2698 3
2699 4
2700 5
2702 7
2703 5
2704 6
2705 6
2706 4
2707 5
2708 4
2710 7
2711 7
2712 6
2713 5
2714 6
2715 6
2716 8
2717 6
2718 5
2720 0
2721 0
2722 3
2723 3
2724 4
2725 4
2726 5
2727 6
2728 7
2729 4
2730 5
2731 6
2732 8
2733 4
2734 4
2735 4
2736 4
2738 6
2739 5
2740 6
2741 8
2742 7
2743 6
2745 5
2746 5
2747 7
2748 7
2750 4
2751 3
2752 3
2753 6
2754 8
2756 0
2757 8
2758 4
2759 3
2760 0
2761 8
2762 5
2763 11
2764 6
2765 6
2766 3
2767 3
2768 5
2769 6
2770 6
2771 7
2772 4
2773 7
2774 7
2776 9
2777 8
2778 5
2779 4
2780 6
2781 6
2782 6
2783 6
2784 8
2785 8
2786 7
2787 5
2788 6
2789 6
2790 7
2791 4
2792 4
2794 5
2795 4
2796 3
2797 7
2798 6
2799 6
2800 5
2801 5
2802 4
2803 5
2804 4
2805 6
2806 5
2807 5
2808 4
2809 4
2810 5
2811 5
2812 7
2813 7
2814 7
2816 6
2817 7
2818 7
2819 6
2820 9
2822 3
2823 4
2824 6
2825 4
2826 5
2827 5
2828 6
2829 5
2830 4
2831 6
2832 6
2833 6
2834 6
2835 4
2836 4
2837 4
2838 5
2839 5
2840 5
2841 5
2842 4
2843 4
2844 7
2845 7
2846 7
2847 6
2848 0
2849 6
2850 7
2851 5
2852 6
2853 6
2855 5
2856 5
2857 6
2858 6
2859 5
2861 4
2862 7
2863 8
2864 4
2865 4
2866 4
2867 5
2868 5
2869 7
2870 7
2871 6
2872 8
2873 1
2874 9
2875 7
2876 4
2877 2
2878 4
2879 7
2880 5
2881 6
2882 3
2883 4
2884 4
2885 6
2886 5
2887 6
2888 6
2891 4
2892 10
2893 5
2894 7
2895 6
2896 4
2897 4
2898 4
2899 3
2900 4
2901 5
2902 5
2903 5
2904 6
2905 6
2906 6
2907 5
2908 4
2909 4
2910 5
2911 5
2912 5
2913 4
2914 5
2915 5
2916 6
2917 6
2918 4
2919 5
2920 5
2921 5
2922 6
2923 6
2924 5
2925 3
2926 7
2927 7
2928 4
2929 4
2930 0
2931 6
2932 3
2933 5
2934 6
2935 6
2936 4
2937 4
2938 6
2939 7
2940 7
2941 7
2942 7
2943 4
2944 5
2945 5
2946 6
2947 6
2948 4
2949 0
2950 5
2951 5
2952 4
2953 6
2954 0
2955 5
2956 5
2957 8
2958 6
2959 6
2960 6
2961 5
2962 5
2963 5
2964 10
2965 6
2966 7
2968 7
2969 6
2970 3
2971 3
2972 4
2975 5
2976 5
2977 0
2978 8
2979 0
2980 6
2981 6
2982 4
2983 10
2984 6
2985 4
2986 5
2987 4
2988 5
2989 5
2990 4
2991 5
2992 6
2993 6
2995 5
2996 4
2997 7
2998 3
2999 4
3005 8
3006 8
3007 5
3008 6
3009 4
3010 5
3011 3
3012 1
3014 4
3015 4
3016 5
3017 5
3018 5
3019 6
3020 6
3021 5
3022 6
3023 6
3024 6
3025 5
3026 6
3027 4
3028 4
3029 5
3030 5
3031 4
3032 5
3033 5
3034 6
3035 6
3036 6
3037 4
3038 4
3039 4
3040 4
3041 4
3042 4
3043 5
3044 4
3045 0
3046 4
3047 5
3048 7
3049 7
3050 6
3051 3
3052 4
3053 7
3054 7
3055 5
3056 7
3057 5
3058 7
3059 7
3060 5
3061 5
3062 5
3063 6
3064 6
3065 6
3066 7
3067 7
3068 5
3069 6
3070 5
3071 5
3072 6
3073 6
3074 7
3075 3
3076 4
3077 3
3078 5
3079 6
3080 8
3081 5
3082 5
3083 5
3084 4
3085 4
3086 4
3087 5
3088 5
3089 4
3090 4
3091 3
3092 7
3093 6
3094 6
3095 6
3096 3
3097 3
3098 4
3099 6
3100 4
3101 5
3102 4
3103 4
3104 6
3105 4
3106 5
3107 4
3108 9
3109 6
3110 8
3111 3
3112 5
3113 5
3114 5
3115 3
3116 5
3118 0
3119 3
3120 4
3121 2
3122 4
3123 4
3124 5
3125 5
3126 5
3127 6
3128 7
3129 4
3130 5
3131 7
3132 10
3133 11
3134 11
3135 7
3136 7
3137 3
3138 5
3139 6
3140 5
3141 4
3142 5
3143 8
3144 8
3145 7
3146 6
3147 5
3148 5
3149 7
3150 8
3151 9
3152 9
3153 5
3154 6
3155 6
3156 4
3157 4
3158 6
3159 4
3160 4
3161 7
3162 7
3163 7
3164 7
3165 7
3166 7
3167 5
3168 5
3169 6
3171 2
3172 3
3173 4
3174 4
3175 3
3176 3
3177 5
3178 5
3179 7
3180 6
3181 7
3182 7
3183 0
3184 5
3185 5
3186 3
3187 0
3188 0
3189 4
3190 5
3191 4
3192 5
3193 5
3194 6
3195 5
3196 3
3197 4
3198 4
3199 3
3200 4
3201 5
3202 4
3203 6
3204 6
3205 8
3207 7
3208 5
3209 4
3210 7
3211 10
3212 7
3213 7
3214 4
3215 5
3216 5
3217 7
3218 7
3219 7
3220 7
3221 4
3222 6
3223 6
3224 4
3225 5
3226 6
3227 6
3228 5
3229 4
3230 6
3231 5
3232 5
3233 6
3234 7
3235 8
3236 5
3237 5
3238 6
3239 6
3240 8
3241 8
3242 6
3243 4
3244 5
3245 4
3246 5
3247 4
3248 5
3249 7
3250 5
3251 4
3252 3
3253 5
3254 4
3255 5
3256 4
3257 3
3258 4
3259 4
3260 4
3261 5
3262 4
3263 0
3264 0
3265 0
3266 5
3267 4
3268 5
3269 5
3270 4
3271 5
3272 6
3273 5
3274 4
3275 4
3276 4
3277 7
3278 5
3279 3
3280 4
3281 4
3282 6
3283 3
3284 5
3285 5
3286 4
3287 8
3288 4
3289 4
3290 5
3291 5
3292 4
3293 6
3294 4
3295 3
3296 6
3298 3
3299 4
3300 3
3301 4
3302 6
3303 5
3304 5
3305 6
3306 5
3307 5
3308 5
3309 5
3310 6
3311 5
3312 6
3313 6
3314 5
3315 3
3316 4
3317 4
3318 5
3319 5
3320 7
3321 4
3322 4
3323 6
3324 7
3325 4
3326 4
3327 4
3328 3
3329 3
3330 4
3331 8
3332 4
3333 4
3334 4
3335 5
3336 4
3337 7
3338 4
3339 7
3340 5
3341 5
3342 5
3344 6
3345 6
3346 5
3347 7
3348 7
3349 6
3350 5
3351 5
3352 7
3353 7
3354 8
3355 5
3356 4
3357 8
3358 4
3359 5
3360 4
3361 5
3362 6
3363 6
3364 9
3365 9
3366 5
3367 6
3368 6
3369 5
3370 6
3371 6
3372 5
3373 6
3374 6
3375 5
3376 6
3377 7
3378 6
3379 6
3380 4
3381 5
3382 7
3383 4
3384 3
3385 2
3386 0
3387 7
3388 5
3389 5
3390 5
3391 6
3392 7
3393 5
3394 5
3395 6
3396 6
3397 4
3398 6
3400 5
3401 5
3402 6
3403 6
3404 8
3405 6
3406 4
3407 4
3408 7
3409 7
3410 5
3411 5
3412 4
3413 4
3414 4
3415 5
3416 4
3417 5
3418 5
3419 5
3420 5
3421 5
3422 6
3423 7
3424 5
3425 4
3426 5
3427 6
3429 4
3430 8
3431 4
3432 5
3433 5
3434 7
3435 6
3436 8
3437 7
3438 5
3439 5
3440 6
3441 6
3442 6
3443 6
3444 5
3445 4
3446 6
3447 4
3448 3
3449 6
3450 5
3451 8
3452 7
3453 3
3454 6
3455 6
3456 3
3457 4
3458 5
3459 6
3460 6
3461 5
3462 5
3463 4
3464 5
3465 6
3466 6
3467 5
3468 6
3469 6
3470 4
3471 5
3472 6
3473 6
3474 5
3475 6
3476 6
3477 4
3478 5
3479 5
3480 6
3481 6
3482 6
3483 6
3484 4
3485 5
3486 5
3487 6
3488 6
3489 6
3490 6
3491 4
3492 4
3493 6
3494 6
3495 7
3496 7
3497 4
3498 6
3499 6
3501 5
3502 5
3503 5
3504 5
3505 9
3506 7
3507 5
3508 6
3509 7
3510 7
3511 6
3512 7
3513 7
3514 7
3515 7
3516 8
3517 8
3518 8
3519 8
3520 7
3521 8
3522 8
3523 8
3524 8
3525 6
3526 6
3527 6
3528 6
3529 8
3530 8
3531 4
3533 7
3534 7
3535 7
3536 7
3537 7
3538 8
3539 9
3540 9
3541 5
3542 5
3543 4
3544 6
3545 7
3546 7
3547 3
3548 5
3549 5
3550 5
3551 4
3552 7
3553 7
3554 7
3555 5
3557 7
3558 7
3559 7
3560 7
3561 7
3562 5
3563 5
3564 6
3565 6
3566 3
3567 4
3568 7
3569 7
3570 8
3571 7
3572 4
3574 6
3575 7
3576 9
3578 6
3579 8
3580 6
3581 8
3582 4
3584 4
3585 4
3586 4
3587 4
3588 4
3589 3
3590 4
3591 4
3592 4
3593 7
3594 4
3595 7
3596 5
3597 8
3598 5
3599 7
3600 4
3601 4
3602 7
3603 8
3604 4
3605 4
3606 4
3607 4
3608 5
3609 7
3610 8
3611 8
3612 7
3613 5
3614 4
3615 4
3616 5
20000 3
3617 4
20001 4
3618 8
20002 4
3619 4
20003 5
3620 4
20004 0
3621 4
20005 9
3622 4
20006 9
3623 6
20007 10
3624 4
20008 10
3625 5
20009 5
3626 5
20010 6
3627 6
20011 6
3628 5
20012 4
20013 5
3630 3
20014 5
3631 1
20015 4
3632 2
20016 5
3633 2
20017 5
3634 3
20018 4
3635 3
20019 5
3636 0
20020 5
3637 7
20021 4
3638 3
20022 5
3639 4
20023 6
20024 5
3641 5
20025 6
3642 6
20026 4
3643 7
20027 5
3644 7
20028 5
3645 7
20029 4
3646 3
20030 5
3647 7
20031 6
3648 5
20032 6
20033 5
3649 7
20034 5
3651 5
20035 4
3652 4
20036 5
3653 5
20037 5
3654 9
3655 4
3656 4
3657 6
20041 3
3658 4
20042 4
3659 4
20043 5
3660 4
20044 5
3661 6
20045 4
3662 6
20046 5
3663 4
20047 5
3664 5
20048 4
3665 5
20049 5
3666 6
20050 5
3667 8
20051 4
3668 4
20052 5
3669 6
20053 5
3670 7
20054 4
3671 4
20055 5
3672 4
20056 5
3673 3
20057 6
3674 4
20058 5
3675 4
20059 6
20060 4
3677 4
20061 5
3678 5
20062 5
3679 5
20063 4
3680 5
20064 5
3681 5
20065 5
3682 5
20066 9
3683 6
20067 10
3684 6
20068 11
3685 6
20069 10
3686 3
20070 11
3687 4
20071 7
3688 6
20072 7
3689 3
20073 4
3690 3
20074 5
3691 4
20075 5
3692 4
20076 6
3693 4
20077 5
3694 5
20078 6
3695 5
20079 6
3696 7
3697 8
20081 4
3698 3
20082 10
3699 3
20083 10
3700 5
20084 4
3701 5
20085 4
3702 4
20086 3
3703 4
20087 4
3704 4
20088 4
3705 3
20089 5
3706 4
20090 5
3707 5
20091 4
3708 6
20092 3
3709 5
20093 4
3710 6
20094 4
3711 4
20095 3
3712 5
20096 4
3713 5
20097 4
3714 8
20098 3
3715 6
20099 4
3716 6
20100 4
3717 4
20101 4
3718 2
20102 5
3719 4
20103 5
3720 5
20104 4
3721 4
20105 5
3722 4
20106 5
3723 4
20107 4
3724 8
20108 5
3725 6
20109 5
3726 6
20110 6
3727 6
20111 6
3728 8
20112 5
3729 10
20113 6
3730 10
20114 6
3731 8
20115 6
3732 8
20116 7
3733 8
20117 7
3734 8
20118 4
3735 5
20119 5
3736 5
20120 5
3737 4
20121 0
20122 0
3739 6
20123 0
3740 6
20124 7
3741 4
20125 8
3742 4
20126 8
3743 3
20127 7
3744 0
20128 8
3745 3
20129 8
3746 5
20130 4
3747 5
20131 6
3748 8
20132 6
3749 5
20133 6
3750 7
20134 5
20135 5
3751 5
3752 8
20136 6
3753 9
3754 9
3755 3
3756 6
3757 5
3758 5
3759 5
20143 7
3760 6
20144 8
3761 5
20145 8
3762 3
3763 4
20147 4
20148 3
3764 5
20149 4
3765 6
20150 6
3766 0
20151 7
3767 5
3768 6
20152 7
3769 5
20153 5
3770 6
20154 4
3771 6
20155 4
3772 6
20156 7
20157 5
3773 6
3774 6
20158 5
3775 6
20159 5
3776 6
20160 5
3777 5
3778 6
20162 7
3779 6
20163 7
3780 8
20164 6
3781 7
20165 6
3782 6
20166 6
20167 7
3783 7
3784 6
20168 6
3785 6
20169 6
3786 2
20170 6
20171 7
3787 4
20172 7
3788 0
20173 7
3789 7
20174 7
3790 12
3791 6
20175 8
3792 6
20176 9
3793 7
20177 9
3794 5
20178 9
3795 3
20179 8
20180 7
3797 4
20181 0
3798 3
20182 3
3799 6
20183 5
3800 5
20184 5
20185 5
3801 0
20186 5
3802 0
3803 0
20187 5
20188 4
3804 0
20189 5
3805 0
20190 6
3806 3
3807 5
20191 6
3808 7
20192 7
3809 4
20193 7
20194 6
3810 5
3811 5
20195 0
3812 5
20196 0
3813 5
20197 6
3814 5
20198 7
3815 6
20199 6
3816 7
20200 7
20201 5
3817 9
3818 4
20202 5
20203 6
3819 5
3820 5
20204 7
3821 5
20205 7
3822 5
20206 6
3823 5
20207 6
3824 5
20208 5
3825 9
20209 6
3826 5
20210 6
3827 5
20211 5
3828 3
20212 5
3829 4
20213 5
3830 4
20214 4
20215 6
20216 6
3833 4
20217 6
3834 6
20218 3
20219 4
20220 4
20221 5
3838 6
20222 3
3839 4
20223 4
3840 6
20224 4
3841 6
20225 3
3842 6
20226 6
3843 6
20227 4
3844 6
20228 5
3845 6
20229 5
3846 6
20230 5
3847 5
20231 4
3848 6
20232 5
3849 5
20233 5
3850 5
20234 4
3851 5
20235 6
3852 4
20236 4
3853 4
20237 5
3854 4
20238 5
3855 4
20239 3
3856 4
20240 5
3857 4
20241 5
3858 5
20242 4
3859 5
20243 4
3860 4
20244 5
3861 3
20245 5
3862 7
20246 6
3863 6
20247 7
3864 5
20248 7
3865 4
20249 4
3866 3
20250 5
3867 5
20251 5
3868 3
20252 4
3869 4
20253 5
3870 5
20254 5
3871 6
20255 7
20256 6
3872 6
3873 6
20257 7
3874 5
20258 7
3875 4
20259 4
3876 0
20260 5
3877 4
20261 5
3878 2
20262 5
3879 5
20263 4
3880 3
20264 5
3881 4
20265 5
3882 4
20266 6
3883 4
20267 4
3884 9
20268 5
3885 4
20269 5
3886 5
20270 4
3887 5
20271 5
3888 6
20272 5
3889 4
20273 4
3890 3
20274 5
3891 6
20275 5
3892 4
20276 4
3893 5
20277 5
3894 4
20278 5
3895 6
20279 4
3896 6
20280 5
3897 5
20281 5
3898 5
20282 4
3899 5
20283 5
3900 6
20284 5
3901 5
20285 4
3902 3
20286 5
3903 4
20287 5
3904 4
20288 3
3905 11
20289 7
3906 12
20290 4
3907 12
20291 4
3908 5
20292 5
20293 5
20294 4
20295 5
20296 5
3913 8
20297 4
3914 8
20298 5
3915 8
20299 5
3916 8
20300 5
3917 6
20301 5
3918 6
20302 4
3919 0
20303 4
3920 5
20304 3
3921 5
20305 4
3922 5
20306 4
3923 5
20307 4
3924 6
20308 5
3925 3
20309 5
3926 4
20310 4
3927 4
20311 5
3928 6
20312 5
3929 6
20313 4
3930 6
20314 5
3931 7
20315 5
3932 7
3933 7
3934 4
3935 3
3936 3
3937 0
3938 3
3939 4
3940 4
3941 3
3942 3
3943 3
3944 9
3945 5
3946 5
3947 6
3948 3
3949 4
3950 3
3951 4
3952 5
3953 3
3954 6
3955 4
3956 3
3957 4
3958 5
3959 3
3960 4
3961 4
3962 4
3963 4
3964 4
3965 4
3966 5
3967 5
3968 5
3969 5
3970 5
3971 5
3972 5
3973 5
3974 5
3975 7
3976 7
3977 5
3978 6
3979 6
3980 7
3981 7
3982 7
3983 7
3984 4
3985 4
3986 6
3987 6
3988 4
3989 10
3990 6
3991 5
3992 5
3993 5
3994 5
3995 6
3996 5
3997 5
3998 6
3999 6
4000 6
4001 5
4002 5
4003 4
4004 6
4005 6
4006 7
4007 4
4008 5
4009 4
4010 5
4011 5
4012 4
4013 4
4014 5
4015 5
4016 4
4017 4
4018 3
4019 3
4020 4
4021 4
4022 4
4023 4
4024 5
4025 5
4026 6
4027 6
4028 5
4029 6
4030 6
4031 5
4032 5
4033 6
4034 6
4035 7
4036 3
4037 4
4038 5
4039 5
4040 3
4041 4
4042 4
4043 3
4044 7
4045 4
4046 4
4047 7
4048 0
4049 8
4050 4
4051 5
4052 5
4053 5
4054 5
4055 5
4056 6
4057 7
4058 7
4060 8
4061 8
4062 6
4063 6
4064 4
4065 4
4066 6
4067 7
4068 7
4069 7
4070 5
4071 6
4072 4
4073 5
4074 6
4075 7
4076 5
4077 6
4078 8
4079 8
4080 6
4081 6
4082 7
4083 6
4084 4
4085 3
4086 4
4087 3
4088 4
4089 5
4090 4
4091 4
4092 5
4093 5
4094 4
4095 5
4096 6
4097 7
4098 10
4099 10
4100 5
4101 4
4102 7
4103 7
4105 5
4106 5
4107 4
4108 4
4109 6
4110 6
4111 5
4112 5
4113 8
4114 5
4115 5
4116 4
4117 5
4118 6
4119 7
4120 5
4121 4
4122 5
4123 4
4124 5
4125 5
4126 4
4127 4
4129 4
4130 4
4131 5
4132 7
4133 2
4134 2
4135 7
4136 5
4137 6
4138 7
4139 6
4140 6
4141 3
4142 3
4143 4
4144 4
4145 3
4146 5
4147 4
4148 6
4149 4
4150 4
4151 6
4152 5
4153 6
4154 6
4155 4
4156 6
4157 8
4158 9
4159 10
4160 10
4161 9
4162 6
4163 7
4164 6
4165 7
4166 5
4167 7
4168 7
4169 6
4170 6
4171 7
4172 7
4173 5
4174 5
4175 5
4176 6
4177 6
4178 6
4179 4
4180 6
4181 6
4182 6
4183 4
4184 5
4185 3
4186 6
4187 6
4188 6
4189 8
4190 6
4191 4
4192 5
4193 5
4194 4
4195 5
4196 2
4197 3
4198 4
4199 5
4200 5
4201 4
4202 6
4203 6
4204 7
4205 8
4206 6
4207 8
4208 8
4209 4
4210 4
4211 4
4212 4
4213 4
4214 5
4215 3
4216 6
4217 6
4218 6
4219 6
4220 4
4221 6
4222 6
4223 8
4224 8
4225 6
4226 8
4227 6
4228 6
4229 7
4230 6
4231 4
4232 4
4233 3
4234 4
4235 5
4236 6
4237 5
4238 6
4239 5
4240 6
4241 5
4242 6
4243 5
4244 4
4245 3
4246 5
4247 5
4248 4
4249 7
4250 4
4251 6
4252 6
4253 6
4254 4
4255 6
4256 5
4257 6
4258 5
4259 6
4260 6
4261 5
4262 4
4263 5
4264 3
4265 5
4266 5
4267 5
4268 4
4269 4
4270 4
4272 3
4273 4
4274 4
4275 4
4276 5
4277 5
4278 5
4279 8
4280 6
4281 6
4282 8
4283 6
4284 5
4285 6
4286 4
4287 5
4288 4
4289 4
4290 7
4292 7
4293 8
4294 8
4295 8
4296 8
4297 5
4298 6
4299 6
4300 8
4301 11
4302 9
4303 9
4304 6
4305 5
4306 6
4307 6
4308 5
4309 5
4310 5
4311 6
4312 10
4313 5
4314 5
4315 8
4316 8
4317 8
4318 7
4319 7
4320 6
4321 6
4322 6
4323 6
4324 5
4325 10
4326 8
4327 7
4328 9
4329 8
4330 8
4331 9
4332 8
4333 8
4334 9
4335 8
4336 8
4337 7
4338 6
4339 6
4340 7
4341 6
4342 6
4343 6
4344 7
4345 6
4346 7
4347 6
4348 6
4349 7
4350 7
4351 7
4352 7
4353 7
4354 8
4355 6
4356 7
4357 6
4358 7
4359 7
4360 7
4361 7
4362 5
4363 8
4364 8
4365 8
4366 8
4367 4
4368 4
4369 8
4370 7
4371 7
4372 7
4373 7
4374 7
4375 8
4376 8
4377 8
4378 8
4379 8
4380 8
4381 3
4382 3
4383 8
4384 8
4385 9
4386 8
4387 4
4388 5
4389 6
4390 7
4391 4
4392 7
4393 8
4394 9
4395 9
4396 10
4397 11
4398 9
4399 8
4400 9
4401 9
4402 10
4403 11
4404 9
4405 10
4406 8
4407 7
4408 9
4409 8
4410 6
4411 6
4412 6
4413 8
4414 8
4415 5
4416 6
4417 6
4418 8
4419 8
4420 9
4421 8
4422 8
4423 8
4424 9
4425 6
4426 5
4427 5
4428 8
4429 8
4430 7
4431 6
4432 6
4433 7
4434 7
4435 8
4436 9
4437 9
4438 6
4439 5
4440 8
4441 8
4442 8
4443 9
4444 9
4445 9
4446 9
4447 8
4448 8
4449 9
4450 9
4451 9
4452 8
4453 9
4454 9
4455 11
4456 10
4457 6
4458 9
4459 9
4460 10
4461 9
4462 8
4463 8
4464 9
4465 9
4466 9
4467 8
4468 8
4469 7
4470 8
4471 9
4472 8
4473 8
4474 8
4475 8
4476 8
4477 8
4478 8
4479 4
4480 4
4481 5
4482 6
4483 7
4484 3
4485 4
4486 4
4487 9
4488 9
4489 9
4490 9
4491 10
4492 10
4493 5
4494 6
4495 7
4496 9
4497 10
4498 10
4499 4
4500 6
4501 6
4502 4
4503 6
4504 6
4505 7
4506 5
4507 5
4508 4
4509 4
4510 3
4512 4
4513 4
4514 6
4515 8
4516 9
4517 9
4518 9
4519 9
4520 9
4521 8
4522 9
4523 9
4524 9
4525 9
4526 9
4527 9
4528 10
4529 10
4530 10
4531 10
4532 9
4533 10
4534 10
4535 10
4536 10
4537 8
4538 8
4539 9
4540 9
4541 5
4542 5
4543 4
4544 4
4545 4
4546 5
4547 4
4548 4
4549 4
4550 5
4551 5
4552 5
4553 5
4554 4
4555 5
4556 5
4557 5
4558 5
4559 5
4560 5
4561 6
4562 9
4563 10
4564 6
4565 6
4566 6
4567 6
4568 6
4569 6
4570 6
4571 6
4572 8
4573 5
4574 5
4575 5
4576 4
4577 9
4578 10
4579 10
4580 10
4581 10
4582 11
4583 9
4584 10
4585 11
4586 10
4587 7
4588 4
4589 4
4590 10
4591 8
4592 9
4593 9
4594 10
4595 10
4596 9
4597 5
4598 4
4599 6
4600 7
4601 7
4602 7
4603 7
4604 7
4605 7
4606 8
4607 8
4608 8
4609 5
4610 6
4611 4
4612 6
4613 6
4614 7
4615 8
4616 8
4617 7
4618 7
4619 6
4620 6
4621 6
4622 6
4623 6
4624 4
4625 5
4626 6
4627 7
4628 10
4629 6
4630 6
4631 8
4632 9
4633 9
4634 6
4635 6
4636 7
4637 7
4638 6
4639 7
4640 7
4641 6
4642 7
4643 6
4644 7
4645 7
4646 8
4647 8
4648 7
4649 8
4650 8
4651 7
4652 6
4653 6
4654 8
4655 7
4656 7
4657 7
4658 9
4659 9
4660 7
4661 6
4662 6
4663 5
4664 5
4665 6
4666 7
4667 8
4668 7
4669 7
4670 7
4671 6
4672 6
4673 6
4674 6
4675 6
4676 6
4677 6
4678 7
4679 7
4680 7
4681 7
4682 6
4683 6
4684 6
4685 6
4686 5
4687 6
4688 6
4689 6
4690 7
4691 6
4692 6
4693 7
4694 6
4695 5
4696 5
4697 6
4698 5
4699 5
4700 5
4701 6
4702 6
4703 4
4704 5
4705 7
4706 8
4707 8
4708 8
4709 8
4710 5
4711 5
4712 5
4713 5
4714 5
4715 6
4716 6
4717 7
4718 6
4719 7
4720 5
4721 6
4722 7
4723 5
4724 6
4725 6
4726 4
4727 7
4728 6
4729 7
4730 5
4731 6
4732 6
4733 3
4734 4
4735 4
4736 5
4737 6
4738 5
4739 6
4740 6
4741 6
4742 3
4743 4
4744 5
4745 5
4746 9
4747 9
4748 5
4749 6
4750 6
4751 4
4752 4
4753 5
4754 4
4755 6
4756 6
4757 6
4758 9
4759 5
4760 5
4761 5
4762 8
4763 0
4764 0
4765 0
4766 5
4767 6
4768 4
4769 5
4770 4
4771 8
4772 4
4773 4
4774 5
4775 5
4776 6
4777 5
4778 5
4780 4
4781 4
4782 3
4783 6
4784 7
4785 7
4786 7
4787 6
4788 9
4789 6
4790 8
4791 8
4792 6
4793 4
4794 7
4795 7
4796 8
4797 7
4798 8
4799 8
4800 8
4801 8
4802 8
4803 8
4804 8
4805 9
4806 6
4807 4
4808 4
4809 6
4810 6
4811 3
4812 4
4813 5
4814 5
4815 4
4816 7
4817 4
4818 5
4819 5
4820 5
4821 8
4822 8
4823 8
4824 8
4825 8
4826 8
4827 8
4828 8
4829 8
4830 7
4831 7
4832 7
4833 8
4834 5
4835 5
4836 6
4837 5
4838 6
4839 5
4840 10
4841 5
4842 6
4843 6
4844 4
4845 6
4846 4
4847 5
4848 4
4849 6
4850 7
4851 8
4852 8
4853 6
4854 7
4855 8
4856 8
4857 5
4858 3
4859 3
4860 5
4861 5
4862 6
4863 7
4864 7
4865 7
4866 8
4867 8
4868 8
4869 9
4870 10
4871 11
4872 6
4873 8
4874 4
4875 5
4876 5
4877 5
4878 6
4879 6
4880 4
4881 4
4882 5
4883 4
4884 5
4885 3
4886 4
4887 4
4888 3
4889 5
4890 5
4891 4
4892 5
4893 5
4894 9
4895 9
4896 7
4897 5
4898 5
4899 9
4900 8
4901 6
4902 7
4903 8
4904 9
4905 9
4906 8
4907 6
4908 7
4909 8
4910 8
4911 11
4912 11
4913 10
4914 6
4915 4
4916 5
4917 9
4918 10
4919 10
4920 7
4921 7
4922 6
4923 7
4924 2
4925 5
4926 7
4927 8
4928 9
4929 9
4930 8
4931 8
4932 9
4933 7
4934 8
4935 7
4936 6
4937 4
4938 4
4939 7
4940 8
4941 8
4942 9
4943 10
4944 10
4945 4
4946 7
4947 3
4948 5
4949 7
4950 5
4951 6
4952 7
4953 7
4954 6
4955 7
4956 7
4957 4
4958 7
4959 6
4960 7
4961 8
4962 8
4963 5
4964 6
4965 6
4966 3
4967 4
4968 5
4969 4
4970 6
4971 4
4972 9
4973 10
4974 10
4975 11
4976 9
4977 11
4978 11
4979 5
4980 6
4981 6
4982 4
4983 9
4984 10
4985 10
4986 4
4987 5
4988 6
4989 6
4990 6
4991 4
4992 5
4993 5
4994 4
4995 5
4996 4
4997 5
4998 5
4999 3
5000 3
5001 4
5002 5
5003 0
5004 4
5005 4
5006 4
5009 0
5010 9
5011 7
5012 7
5013 8
5014 9
5015 9
5016 8
5017 9
5018 9
5019 10
5020 10
5021 0
5022 8
5023 3
5025 3
5026 6
5027 6
5028 5
5029 4
5030 5
5031 5
5032 7
5033 7
5034 4
5035 5
5036 4
5037 5
5039 5
5040 10
5041 8
5042 9
5043 9
5044 4
5046 6
5047 7
5048 6
5049 0
5050 0
5051 0
5052 0
5053 0
5054 0
5055 0
5056 0
5057 0
5058 3
5059 4
5060 4
5061 6
5062 0
5064 0
5065 7
5066 0
5067 0
5068 7
5070 8
5071 6
5072 4
5074 6
5075 3
5076 3
5077 2
5078 8
5079 10
5081 4
5083 3
5084 4
5085 3
5087 5
5088 5
5089 10
5090 10
5091 10
5092 10
5093 9
5094 8
5095 9
5096 8
5097 7
5098 4
5099 5
5100 5
5101 6
5102 4
5103 8
5104 5
5105 5
5106 6
5107 6
5108 6
5109 6
5110 7
5111 5
5112 5
5113 6
5114 6
5116 5
5117 6
5118 6
5119 7
5120 7
5121 7
5122 7
5123 7
5124 7
5128 6
5129 6
5130 6
5131 6
5132 6
5133 6
5134 6
5135 6
5136 6
5137 6
5138 6
5139 6
5140 5
5141 6
5144 8
5145 9
5146 9
5147 8
5148 8
5149 4
5150 7
5151 5
5152 6
5153 8
5154 9
5155 4
5156 7
5157 5
5158 8
5159 7
5161 4
5162 6
5163 4
5164 2
5165 3
5166 3
5167 3
5168 5
5169 5
5170 7
5171 6
5172 3
5174 3
5175 4
5176 5
5178 8
5179 8
5180 5
5181 7
5182 7
5183 6
5184 5
5185 6
5186 6
5187 6
5188 7
5189 4
5190 5
5191 7
5192 6
5193 3
5194 4
5195 3
5196 0
5197 3
5198 5
5199 4
5200 0
5201 7
5202 7
5203 7
5204 7
5205 4
5206 5
5207 7
5208 6
5210 6
5211 7
5212 0
5213 4
5214 5
5215 5
5216 6
5217 6
5218 6
5220 4
5221 4
5222 5
5223 5
5224 5
5225 4
5226 6
5227 6
5228 0
5229 6
5230 5
5231 6
5232 6
5235 0
5236 5
5237 8
5238 5
5239 5
5240 6
5241 8
5242 5
5243 4
5244 5
5245 4
5247 4
5248 5
5249 7
5250 9
5251 5
5252 6
5253 2
5254 3
5255 4
5256 4
5257 3
5258 4
5260 4
5261 6
5262 4
5263 5
5264 8
5265 4
5266 2
5267 7
5269 7
5270 7
5271 7
5272 7
5274 6
5275 3
5277 4
5278 4
5279 5
5280 5
5281 6
5282 6
5283 7
5284 7
5285 7
5286 7
5287 5
5288 4
5289 5
5290 5
5291 4
5292 5
5293 5
5294 4
5296 6
5297 7
5298 5
5299 4
5300 5
5301 5
5302 4
5304 6
5305 7
5306 6
5307 5
5308 4
5309 5
5310 5
5311 4
5312 4
5313 5
5314 6
5315 7
5316 7
5317 6
5318 6
5319 3
5320 4
5321 5
5322 4
5323 4
5324 4
5325 6
5326 8
5327 8
5328 5
5329 5
5330 3
5331 4
5332 3
5333 5
5334 3
5335 5
5336 5
5337 5
5338 6
5339 8
5340 7
5341 8
5342 4
5343 7
5344 5
5345 5
5346 5
5348 9
5349 0
5350 7
5351 7
5352 7
5353 5
5354 5
5355 5
5356 7
5357 8
5358 6
5359 6
5360 3
5361 8
5362 6
5363 6
5364 6
5365 4
5366 7
5367 1
5369 1
5370 1
5371 1
5375 1
5376 1
5377 1
5378 1
5379 1
5380 1
5381 1
5382 1
5384 1
5385 1
5386 1
5387 1
5388 1
5389 1
5390 1
5391 1
5394 1
5395 1
5397 1
5398 6
5399 6
5400 4
5401 5
5402 4
5403 4
5404 5
5405 4
5406 4
5407 5
5408 2
5409 7
5410 3
5411 4
5412 4
5413 5
5414 5
5415 5
5416 4
5418 4
5419 6
5421 4
5422 4
5423 3
5424 5
5425 9
5426 8
5428 0
5429 0
5430 7
5431 8
5432 9
5433 12
5434 12
5435 6
5437 5
5438 4
5439 6
5440 6
5441 5
5442 0
5443 4
5444 6
5445 5
5446 6
5447 6
5448 3
5449 5
5450 4
5451 2
5452 3
5455 6
5456 0
5457 4
5458 5
5459 5
5460 7
5461 5
5462 9
5463 7
5464 4
5465 8
5466 8
5467 0
5468 4
5469 5
5470 6
5471 6
5472 5
5473 6
5474 6
5475 6
5476 6
5477 7
5478 7
5479 7
5480 7
5481 8
5482 0
5483 0
5485 0
5486 0
5487 0
5488 6
5489 5
5490 7
5491 8
5492 7
5493 7
5494 5
5497 5
5498 8
5499 2
5500 2
5501 2
5502 2
5503 3
5504 3
5505 7
5506 0
5507 7
5508 2
5515 5
5516 5
5517 5
5518 4
5519 5
5520 5
5521 5
5522 6
5523 6
5524 4
5525 5
5526 5
5527 7
5528 7
5529 5
5530 6
5531 6
5532 4
5533 4
5534 4
5535 3
5536 8
5537 5
5540 6
5541 7
5542 5
5543 6
5544 5
5545 5
5546 6
5547 6
5548 8
5549 8
5550 0
5551 3
5552 0
5553 5
5554 6
5556 5
5557 6
5558 6
5559 5
5560 5
5561 9
5562 9
5563 8
5564 9
5565 5
5566 5
5567 6
5568 6
5571 5
5572 6
5573 7
5574 7
5575 6
5576 6
5577 7
5578 6
5579 4
5580 5
5581 4
5582 5
5583 5
5584 3
5585 6
5586 6
5587 4
5590 5
5591 5
5592 4
5595 3
5596 6
5597 6
5598 6
5599 5
5600 6
5601 6
5602 6
5603 4
5604 7
5605 4
5606 6
5607 6
5608 5
5609 5
5610 6
5611 6
5612 6
5613 6
5614 6
5615 6
5616 6
5617 6
5618 6
5619 6
5620 3
5621 2
5623 3
5624 4
5625 5
5626 5
5627 6
5628 6
5629 5
5630 6
5631 6
5632 7
5633 6
5634 6
5635 5
5636 3
5637 4
5638 6
5639 6
5640 8
5641 9
5642 9
5643 5
5644 5
5645 3
5646 5
5647 3
5648 6
5649 7
5650 4
5651 4
5652 4
5653 3
5654 5
5655 5
5656 5
5657 4
5658 7
5659 7
5660 5
5661 6
5662 6
5663 5
5664 6
5665 6
5666 2
5667 5
5668 6
5669 6
5670 3
5671 3
5672 4
5673 4
5675 5
6000 4
6001 4
6002 5
6003 5
6004 0
6005 0
6006 6
6007 5
6009 4
6010 8
6011 6
6012 7
6013 7
6014 7
6015 7
6016 7
6017 7
6018 4
6019 5
6020 5
6021 5
6022 6
6023 6
6024 6
6025 6
6026 7
6027 6
6028 0
6029 4
6030 5
6031 4
6032 4
6033 4
6034 6
6035 3
6036 3
6037 4
6038 5
6039 5
6040 0
6041 0
6042 5
6043 5
6044 6
6045 6
6046 5
6047 6
6048 6
6049 5
6050 4
6051 6
6052 6
6053 6
6054 3
6055 5
6056 6
6057 6
6058 5
6059 4
6060 5
6061 5
6062 5
6063 6
6064 6
6065 4
6066 8
6067 8
6068 6
6069 7
6070 7
6071 7
6072 3
6073 6
6074 7
6075 7
6076 5
6077 5
6078 6
6080 3
6082 3
6083 4
6084 6
6085 6
6086 4
6087 4
6088 3
6089 7
6090 7
6092 5
6093 4
6094 4
6095 9
6096 7
6097 10
6098 9
6099 10
6100 6
6101 7
6102 7
6103 6
6104 7
6105 8
6106 8
6107 5
6108 5
6109 5
6110 6
6111 4
6112 5
6113 4
6114 4
6115 8
6116 8
6117 8
6118 8
6119 7
6120 7
6121 7
6122 7
6123 7
6124 7
6125 7
6126 4
6128 8
6129 8
6130 8
6131 8
6132 7
6133 5
6134 5
6135 5
6136 5
6137 5
6138 3
6140 8
6141 4
6142 4
6143 5
6144 5
6145 5
6147 5
6148 5
6149 5
6150 4
6151 5
6152 4
6153 4
6154 6
6155 6
6156 6
6157 6
6158 7
6159 5
6160 6
6162 4
6163 4
6164 4
6165 4
6166 5
6167 5
6168 4
6169 8
6170 9
6171 7
6172 9
6173 8
6175 5
6176 5
6177 5
6180 9
6182 8
6183 7
6184 8
6185 6
6186 6
6187 6
6188 4
6190 3
6191 5
6192 4
6193 5
6194 5
6197 4
6198 4
6199 4
6200 5
6201 5
6202 6
6203 3
6204 8
6205 9
6206 9
6207 6
6208 5
6209 3
6210 6
6211 7
6212 7
6213 7
6214 6
6216 6
6217 7
6218 7
6219 5
6220 5
6221 5
6222 5
6223 5
6224 6
6225 3
6226 6
6228 6
6229 5
6230 7
6232 7
6234 6
6235 7
6236 7
6237 5
6238 6
6239 7
6240 7
6241 7
6242 7
6243 6
6244 3
6245 5
6248 3
6249 4
6250 8
6251 3
6252 7
6253 5
6254 8
6256 6
6257 7
6258 7
6259 7
6260 4
6261 4
6262 7
6263 5
6264 5
6265 5
6266 5
6267 6
6268 6
6269 5
6270 7
6271 7
6272 4
6273 4
6274 5
6276 3
6277 4
6278 4
6279 3
6280 4
6281 3
6282 5
6283 8
6284 5
6285 4
6286 4
6287 4
6288 5
6289 6
6290 4
6291 6
6292 3
6293 4
6294 5
6295 5
6296 5
6297 0
6298 6
6299 5
6300 8
6301 4
6302 5
6303 8
6305 4
6306 4
6307 7
6308 8
6309 10
6310 8
6315 4
6316 6
6317 6
6319 5
6320 4
6321 6
6322 3
6323 4
6324 5
6325 4
6326 5
6327 5
6328 5
6329 5
6330 5
6331 8
6332 5
6334 4
6335 4
6336 4
6337 5
6338 5
6339 5
6340 5
6341 6
6342 6
6343 6
6344 6
6345 6
6346 5
6347 5
6348 5
6349 6
6350 6
6351 9
6352 10
6353 10
6354 6
6355 6
6356 6
6357 4
6358 7
6359 7
6361 5
6362 5
6363 5
6364 5
6365 5
6366 5
6367 5
6369 7
6370 6
6371 7
6372 5
6373 5
6374 0
6375 6
6376 6
6377 4
6378 6
6379 6
6380 6
6382 4
6383 5
6384 6
6386 7
6387 8
6388 5
6389 4
6390 4
6391 5
6392 6
6393 7
6394 5
6395 4
6396 6
6397 6
6398 6
6399 6
6400 7
6401 8
6402 7
6403 6
6404 7
6405 8
6408 8
6409 7
6410 4
6411 5
6412 7
6413 8
6414 8
6415 6
6416 6
6417 7
6418 6
6419 7
6420 7
6421 8
6422 9
6423 7
6424 7
6425 6
6426 6
6427 8
6428 9
6429 4
6430 4
6431 4
6432 5
6433 5
8000 7
8001 5
8002 5
8003 5
8004 3
8005 4
8006 4
8007 3
8008 4
8009 4
8010 9
8011 4
8012 5
8013 5
8014 7
8015 4
8016 4
8017 4
8018 7
8019 7
8020 4
8021 7
8022 5
8023 8
8024 5
8025 4
8026 4
8027 4
8028 4
8029 6
8030 4
8031 6
8032 4
8033 5
8034 5
8035 7
8036 9
8037 7
8038 10
8039 11
8040 11
8041 11
8042 7
8043 8
8044 9
8045 9
8046 10
8047 10
8048 9
8049 10
8050 10
8051 7
8052 4
8053 8
8054 7
8055 5
8056 9
8057 3
8058 3
8059 9
8060 10
8061 11
8062 9
8063 5
8064 5
8065 8
8066 7
8067 10
8068 11
8069 3
8070 10
8071 10
8072 11
8073 10
8074 11
8075 11
8076 10
8077 10
8078 11
8079 11
8080 10
8081 9
8082 10
8083 10
8084 0
8085 11
8086 12
8087 12
8088 11
8089 11
8090 12
8091 12
8092 11
8093 9
8094 12
8095 9
8096 9
8097 11
8098 11
8099 9
8100 12
8101 7
8102 7
8103 7
8104 7
8105 8
8106 8
8107 7
8108 5
8109 6
8111 4
8112 9
8113 9
8114 6
8115 6
8117 9
8118 12
8119 11
8120 7
8121 7
8122 7
8123 7
8124 7
8125 6
8126 6
8127 6
8128 5
8129 6
8130 7
8131 6
8132 7
8133 7
8134 6
8135 7
8136 7
8137 9
8138 10
8139 10
8140 10
8141 7
8142 6
8143 5
8144 5
8145 4
8146 7
8147 6
8148 6
8149 5
8150 5
8151 5
8152 6
8153 6
8154 6
8155 6
8156 6
8157 6
8158 6
8159 6
8160 6
8161 6
8162 6
8163 6
8164 9
8165 9
8166 8
8167 10
8168 10
8169 10
8170 10
8171 5
8172 8
8173 11
8174 11
8175 12
8176 8
8177 10
8178 10
8179 12
8180 8
8181 11
8182 11
8183 12
8184 8
8185 9
8186 10
8187 11
8188 9
8189 11
8190 11
8191 7
8192 7
8193 7
8194 7
8195 4
8196 4
8197 4
8198 5
8199 5
8200 5
8201 6
8202 12
8203 13
8204 13
8205 12
8206 11
8207 11
8208 10
8209 10
8210 10
8211 10
8212 11
8213 11
8214 10
8215 10
8216 12
8217 7
8218 4
8219 6
8220 6
8221 7
8222 8
8223 8
8224 8
8225 7
8226 8
8227 8
8228 8
8229 0
8230 0
8231 7
8232 5
8233 10
8234 7
8235 4
8236 4
8237 6
8238 6
8239 0
8240 9
8241 9
8242 9
8243 4
8244 9
8245 6
8246 4
8247 5
8248 7
8249 4
8250 5
8251 6
8252 7
8253 7
8254 6
8255 6
8256 7
8257 8
8258 8
8259 5
8260 3
8261 6
8262 8
8263 9
8264 10
8265 9
8266 10
8267 9
8268 10
8269 9
8270 10
8271 3
8272 4
8273 4
8274 4
8275 5
8276 5
8277 5
8278 6
8279 6
8280 4
8281 8
8282 9
8283 9
8284 9
8285 9
8286 9
8287 8
8288 5
8289 5
8290 6
8291 6
8292 8
8293 6
8294 6
8295 6
8296 6
8297 7
8298 7
8299 6
8300 6
8301 7
8302 6
8303 7
8304 4
8305 3
8306 4
8307 8
8308 7
8309 7
8310 5
8311 5
8312 5
8313 5
8314 6
8315 6
8316 6
8317 6
8318 5
8319 5
8320 8
8321 8
8322 8
8323 8
8324 8
8325 8
8326 8
8327 8
8328 9
8329 9
8330 10
8331 9
8332 9
8333 10
8334 9
8335 9
8336 10
8337 9
8338 9
8339 10
8340 9
8341 9
8342 10
8343 8
8344 9
8345 9
8346 10
8347 10
8348 11
8349 9
8350 10
8351 10
8352 13
8353 11
8354 11
8355 12
8356 9
8357 10
8358 11
8359 11
8360 12
8361 10
8362 11
8363 11
8364 12
8365 9
8366 8
8367 8
8368 8
8369 9
8370 8
8371 9
8372 7
8373 8
8374 7
8375 9
8376 8
8377 8
8378 8
8379 8
8380 6
8381 7
8382 7
8383 7
8384 5
8385 8
8386 9
8387 5
8388 6
8389 6
8390 3
8391 5
8392 6
8393 7
8394 6
8395 4
8396 4
8397 9
8398 9
8399 9
8400 9
8401 9
8402 6
8403 6
8404 7
8405 7
8406 7
8407 7
8408 7
8409 7
8410 6
8411 6
8412 6
8413 6
8414 4
8415 4
8416 9
8417 9
8418 3
8419 4
8420 9
8421 9
8422 9
8423 9
8424 9
8425 9
8426 9
8427 9
8428 4
8429 8
8430 9
8431 5
8432 5
8433 9
8434 10
8435 10
8436 9
8437 10
8438 3
8439 7
8440 7
8441 8
8442 8
8443 8
8444 10
8445 10
8446 11
8447 12
8448 11
8449 11
8450 5
8451 10
8452 10
8453 11
8454 12
8455 11
8456 11
8457 7
8458 7
8459 5
8460 7
8461 5
8462 7
8463 5
8464 6
8465 7
8466 7
8467 7
8468 9
8469 3
8470 6
8471 7
8472 7
8473 7
8474 9
8475 6
8476 6
8477 6
8478 6
8479 6
8480 4
8481 9
8482 9
8483 9
8484 9
8485 8
8486 8
8487 4
8488 6
8489 5
8490 7
8491 8
8492 7
8493 3
8494 4
8495 9
8496 10
8497 10
8498 9
8499 9
8500 10
8501 10
8502 9
8503 4
8504 5
8505 6
8506 6
8507 9
8508 9
8509 9
8510 9
8511 10
8512 9
8513 9
8514 9
8515 10
8516 9
8517 10
8518 9
8519 9
8520 9
8521 5
8522 8
8523 9
8524 7
8525 7
8526 7
8527 8
8528 5
8529 5
8530 5
8531 6
8532 6
8533 4
8534 8
8535 8
8536 8
8537 8
8538 5
8539 8
8540 6
8541 5
8542 7
8543 6
8544 4
8545 7
8546 3
8547 8
8548 7
8549 8
8550 8
8551 8
8552 7
8553 8
8554 8
8555 5
8556 5
8557 6
8558 6
8559 6
8560 6
8561 6
8562 7
8563 7
8564 7
8565 7
8566 7
8567 7
8568 5
8569 3
8570 5
8571 6
8572 6
8573 9
8574 9
8575 9
8576 9
8577 9
8578 9
8579 5
8580 11
8581 11
8582 11
8583 11
8584 11
8585 11
8586 11
8587 11
8588 7
8589 8
8590 8
8591 9
8592 9
8593 9
8594 9
8595 8
8596 9
8597 9
8598 8
8599 9
8600 9
8601 8
8602 9
8603 9
8604 8
8605 9
8606 9
8607 8
8608 9
8609 9
8610 8
8611 9
8612 9
8613 8
8614 9
8615 9
8616 8
8617 9
8618 9
8619 8
8620 9
8621 9
8622 8
8623 9
8624 9
8625 8
8626 9
8627 9
8628 8
8629 9
8630 9
8631 8
8632 9
8633 9
8634 8
8635 9
8636 9
8637 9
8638 10
8639 10
8640 9
8641 10
8642 10
8643 9
8644 10
8645 10
8646 8
8647 9
8648 9
8649 9
8650 6
8651 7
8652 7
8653 7
8654 8
8655 8
8656 7
8657 8
8658 8
8659 6
8660 7
8661 7
8662 6
8663 7
8664 7
8665 7
8666 8
8667 8
8668 6
8669 7
8670 7
8671 6
8672 7
8673 7
8674 6
8675 7
8676 7
8677 6
8678 7
8679 7
8680 6
8681 7
8682 7
8683 6
8684 7
8685 7
8686 6
8687 7
8688 7
8689 6
8690 7
8691 7
8692 7
8693 8
8694 8
8695 6
8696 7
8697 7
8698 6
8699 7
8700 7
8701 6
8702 7
8703 7
8704 6
8705 7
8706 7
8707 6
8708 7
8709 7
8710 6
8711 7
8712 7
8713 5
8714 8
8715 9
8716 9
8717 10
8718 10
8719 7
8720 5
8721 6
8722 5
8723 7
8724 5
8725 5
8726 6
8727 6
8728 11
8729 11
8730 7
8731 4
8732 6
8733 6
8734 6
8735 6
8736 4
8737 4
8738 6
8739 6
8740 6
8741 6
8742 4
8743 7
8744 5
8745 6
8746 6
8747 5
8748 6
8749 6
8750 6
8751 6
8752 6
8753 5
8754 9
8755 9
8756 10
8757 10
8758 10
8759 10
8760 10
8761 10
8762 5
8763 7
8764 8
8765 8
8766 9
8767 6
8768 6
8769 6
8770 4
8771 5
8772 5
8775 3
8776 5
8777 5
8778 4
8779 5
8780 9
8781 7
8782 8
8783 8
8784 5
8785 6
8786 4
8787 4
8788 5
8789 4
8790 8
8791 9
8792 9
8793 3
8794 5
8795 3
8796 5
8797 4
8798 5
8799 5
8800 5
8801 6
8802 4
8803 6
8804 6
8805 7
8806 7
8807 7
8808 7
8809 7
8810 6
8811 4
8812 6
8813 7
8814 5
8815 4
8816 5
8817 5
8818 7
8819 5
8820 4
8821 5
8822 5
8823 6
8824 7
8825 4
8826 5
8827 5
8828 5
8829 5
8830 4
8831 4
8832 6
8833 7
8834 2
8835 4
8836 5
8837 6
8838 6
8839 9
8840 6
8841 6
8842 2
8843 5
8844 5
8845 7
8846 7
8847 7
8848 7
8849 9
8850 10
8851 10
8852 5
8853 5
8854 4
8855 4
8856 4
8857 6
8858 4
8859 4
8860 4
8861 4
8862 5
8863 4
8864 5
8866 4
8867 5
8868 7
8869 5
8870 8
8871 7
8872 2
8873 3
8874 3
8875 3
8876 8
8877 4
8878 5
8879 8
8880 5
8881 6
8882 4
8883 5
8884 5
8885 6
8886 4
8887 4
8888 4
8889 4
8890 4
8891 5
8892 5
8893 7
8894 8
8895 9
8896 10
8897 10
8898 8
8899 5
8900 5
8901 6
8902 4
8903 5
8904 4
8905 4
8906 5
8907 5
8908 5
8909 4
8910 6
8911 8
8912 9
8913 7
8914 7
8915 6
8916 4
8917 4
8918 5
8919 6
8920 9
8921 6
8922 6
8923 3
8924 6
8925 6
8926 4
8927 7
8928 7
8929 7
8930 7
8931 7
8932 3
8933 5
8934 8
8935 7
8936 7
8937 8
8938 9
8939 9
8940 7
8941 7
8942 4
8943 5
8944 5
8945 6
8946 4
8947 5
8948 5
8949 6
8950 6
8951 6
8952 5
8953 6
8954 9
8955 10
8956 10
8957 5
8958 7
8959 7
8960 5
8961 3
8962 4
8963 5
8964 5
8965 4
8966 5
8967 6
8968 4
8969 5
8970 6
8971 8
8972 9
8973 7
8974 5
8975 6
8976 6
8977 7
8978 8
8979 9
8980 9
8981 8
8982 9
8983 8
8984 9
8985 3
8986 4
8987 5
8988 6
8989 5
8990 7
8991 6
8992 5
8993 6
8994 7
8995 3
8996 4
8997 5
8998 5
8999 5
9000 6
9001 6
9002 6
9003 4
9004 6
9005 5
9006 6
9007 6
9008 6
9009 6
9010 6
9011 7
9012 7
9013 6
9014 7
9015 7
9016 6
9017 7
9018 7
9019 6
9020 7
9021 7
9022 4
9023 4
9024 5
9025 5
9026 5
9027 4
9028 6
9029 6
9030 6
9031 6
9032 5
9033 7
9034 7
9035 6
9036 8
9037 5
9038 10
9039 10
9040 10
9041 9
9042 4
9043 7
9044 7
9045 5
9046 3
9047 7
9048 8
9049 5
9050 7
9051 7
9052 5
9053 3
9054 4
9055 4
9056 6
9057 7
9058 7
9059 8
9060 9
9061 9
9062 5
9063 7
9064 9
9065 8
9066 9
9067 9
9068 8
9069 8
9070 8
9071 9
9072 8
9073 6
9074 6
9075 6
9076 6
9077 7
9078 6
9079 6
9080 5
9081 9
9082 7
9083 9
9084 7
9085 7
9086 8
9087 8
9088 8
9089 8
9090 8
9091 8
9092 8
9093 6
9094 5
9095 8
9096 9
9097 9
9098 4
9099 7
9100 7
9101 9
9102 7
9103 8
9104 9
9105 7
9106 4
9107 5
9108 6
9109 6
9110 6
9111 6
9112 7
9113 8
9114 8
9115 3
9116 4
9117 4
9118 6
9119 6
9120 5
9121 6
9122 6
9123 5
9124 6
9125 6
9126 5
9127 6
9128 6
9129 5
9130 6
9131 6
9132 5
9133 5
9134 5
9135 5
9136 5
9137 6
9138 6
9139 6
9140 7
9141 6
9142 6
9143 5
9144 6
9145 5
9146 6
9147 5
9148 4
9149 7
9150 5
9151 9
9152 8
9153 7
9154 6
9155 6
9156 6
9157 7
9158 7
9159 7
9160 7
9161 8
9162 8
9163 6
9164 5
9165 4
9166 6
9167 7
9168 7
9169 8
9170 6
9171 7
9172 7
9173 6
9174 8
9175 6
9176 7
9177 7
9178 8
9179 6
9180 7
9181 7
9182 8
9183 6
9184 6
9185 7
9186 7
9187 8
9188 6
9189 6
9190 7
9191 7
9192 8
9193 6
9194 5
9195 5
9196 6
9197 6
9198 4
9199 5
9200 6
9201 7
9202 6
9203 7
9204 6
9205 5
9206 6
9207 6
9208 4
9209 5
9210 6
9211 6
9212 7
9213 5
9214 7
9215 8
9216 4
9217 5
9218 6
9219 8
9220 8
9221 7
9222 7
9223 8
9224 8
9225 8
9226 9
9227 10
9228 5
9229 7
9230 7
9231 9
9232 8
9233 8
9234 8
9235 8
9236 8
9237 7
9238 7
9239 7
9240 7
9241 7
9242 7
9243 7
9244 5
9245 5
9246 5
9247 3
9248 8
9249 8
9250 3
9251 8
9252 4
9253 5
9254 6
9255 7
9256 8
9257 7
9258 8
9259 8
9260 8
9261 8
9262 7
9263 5
9264 6
9265 6
9266 6
9267 8
9268 9
9269 4
9270 5
9271 6
9272 6
9273 6
9274 5
9275 6
9276 5
9277 7
9278 3
9279 6
9280 7
9281 6
9282 7
9283 6
9284 4
9285 6
9286 5
9287 5
9288 6
9289 6
9290 5
9291 5
9292 6
9293 6
9294 5
9295 5
9296 5
9297 5
9298 6
9299 6
9300 6
9301 6
9302 5
9303 5
9304 6
9305 6
9306 6
9307 6
9308 8
9309 9
9310 9
9311 10
9312 10
9313 10
9314 10
9315 10
9316 10
9317 9
9318 9
9319 9
9320 9
9321 8
9322 7
9323 5
9324 9
9325 5
9326 8
9327 7
9328 6
9329 6
9330 6
9331 7
9332 5
9333 5
9334 6
9335 7
9336 7
9337 6
9338 7
9339 7
9340 6
9341 7
9342 5
9343 5
9344 4
9345 5
9346 6
9347 6
9348 4
9349 5
9350 5
9351 5
9352 6
9353 6
9354 5
9355 6
9356 6
9357 4
9358 5
9359 8
9360 6
9361 7
9362 7
9363 7
9364 7
9365 8
9366 9
9367 9
9368 9
9369 8
9370 9
9371 9
9372 9
9373 8
9374 9
9375 8
9376 7
9377 8
9378 3
9379 5
9380 6
9381 6
9382 5
9383 0
9384 4
9385 5
9386 6
9387 5
9388 6
9389 2
9390 3
9391 3
9392 6
9393 5
9394 8
9395 8
9396 8
9397 8
9398 5
9399 6
9400 6
9401 7
9402 7
9403 6
9404 5
9405 5
9406 5
9407 4
9408 4
9409 4
9410 3
9411 5
9412 5
9413 8
9414 5
9415 4
9416 4
9417 7
9418 4
9419 4
9420 5
9421 7
9422 7
9423 7
9424 7
9425 7
9426 7
9427 7
9428 7
9429 6
9430 6
9431 6
9432 6
9433 7
9434 6
9435 5
9436 5
9437 6
9438 5
9439 7
9440 7
9441 4
9442 8
9443 6
9444 7
9445 5
9446 6
9447 7
9448 8
9449 8
9450 5
9451 5
9452 5
9453 5
9454 5
9455 5
9456 5
9457 5
9458 5
9459 7
9460 7
9461 7
9462 7
9463 7
9465 5
9466 7
9467 5
9468 7
9469 7
9470 4
9471 4
9472 5
9473 3
9474 5
9475 5
9476 6
9477 6
9478 6
9479 6
9480 6
9481 6
9482 6
9483 6
9484 7
9485 6
9486 7
9487 4
9488 4
9489 4
9490 6
9491 6
9492 5
9493 6
9494 6
9495 6
9496 6
9497 5
9498 5
9499 6
9500 6
9501 5
9502 6
9503 7
9504 6
9505 6
9506 7
9507 6
9508 8
9509 6
9510 6
9511 4
9512 10
9514 5
9515 8
9516 6
9517 6
9518 5
9519 7
9520 8
9521 8
9522 9
9523 9
9524 8
9525 7
9526 8
9527 7
9528 8
9529 8
9530 7
9531 8
9532 8
9533 7
9534 7
9535 4
9536 3
9537 4
9538 4
9539 6
9540 7
9541 9
9542 9
9543 6
9544 5
9545 4
9546 7
9547 7
9548 7
9549 8
9550 7
9551 8
9552 4
9553 6
9554 6
9555 6
9556 7
9557 8
9558 8
9559 8
9560 5
9561 8
9562 4
9563 3
9564 5
9565 6
9566 5
9567 5
9568 7
9569 4
9570 4
9571 5
9572 5
9573 5
9574 5
9575 6
9576 5
9577 6
9578 4
9579 3
9580 6
9581 6
9582 4
9583 5
9584 5
9585 4
9586 8
9587 4
9588 5
9589 7
9590 7
9591 9
9592 8
9593 5
9594 5
9595 6
9596 5
9597 5
9598 5
9599 5
9600 6
9601 5
9602 5
9603 7
9604 6
9605 6
9606 6
9607 6
9608 5
9609 8
9610 4
9611 5
9612 5
9613 5
9614 5
9615 4
9616 5
9617 6
9618 6
9619 6
9620 5
9621 6
9622 7
9623 7
9624 7
9625 5
9626 6
9627 6
9628 7
9629 7
9630 7
9631 7
9632 7
9633 7
9634 7
9635 7
9636 7
9637 6
9638 7
9639 8
9640 5
9641 4
9642 3
9643 3
9644 4
9645 4
9646 5
9647 4
9648 5
9649 6
9650 6
9651 4
9652 7
9653 4
9654 5
9655 5
9656 7
9657 7
9658 5
9659 5
9660 6
9661 4
9662 6
9663 6
9664 6
9665 6
9666 6
9667 6
9668 5
9669 5
9670 6
9671 4
9672 3
9673 4
9674 4
9675 6
9676 4
9677 5
9678 5
9679 5
9680 6
9681 7
9682 4
9683 4
9684 5
9685 4
9686 5
9687 6
9688 4
9689 5
9690 5
9691 5
9692 6
9693 6
9694 4
9695 5
9696 5
9697 3
9698 6
9699 5
9701 2
9702 3
9703 3
9704 8
9705 4
9706 5
9707 5
9708 9
9709 7
9710 5
9711 5
9712 5
9713 5
9714 5
9715 5
9716 6
9717 7
9718 10
9719 10
9720 7
9721 7
9722 7
9723 7
9724 8
9725 8
9726 5
9727 6
9728 6
9729 6
9731 7
9732 5
9733 7
9734 6
9735 6
9736 7
9737 6
9738 7
9739 7
9740 7
9741 8
9742 6
9743 6
9744 6
9745 3
9746 4
9747 4
9748 4
9749 5
9750 5
9751 6
9752 6
9753 6
9754 6
9755 6
9756 6
9757 6
9758 6
9759 5
9760 5
9761 5
9762 5
9763 4
9764 4
9765 3
9766 4
9767 4
9768 5
9769 5
9770 5
9771 6
9772 6
9773 6
9774 5
9775 6
9776 6
9777 4
9778 5
9779 5
9780 3
9781 3
9782 7
9783 7
9784 8
9785 5
9786 6
9787 6
9788 7
9789 7
9790 7
9791 7
9792 6
9793 7
9794 7
9795 6
9796 4
9797 4
9798 6
9799 6
9800 6
9801 6
9802 5
9803 5
9804 5
9805 6
9806 4
9807 4
9808 6
9809 4
9810 5
9811 5
9812 5
9813 5
9814 6
9815 6
9816 6
9817 6
9818 5
9819 5
9820 4
9821 4
9822 8
9823 6
9824 7
9825 5
9826 5
9827 4
9828 4
9829 5
9830 7
9831 7
9832 8
9833 9
9834 8
9835 9
9836 7
9837 7
9838 7
9839 7
9840 3
9841 4
9842 5
9843 7
9844 5
9845 6
9846 5
9847 7
9848 6
9849 6
9850 8
9851 6
9852 7
9853 7
9854 4
9855 4
9856 5
9857 5
9858 5
9859 3
9860 4
9861 5
9862 9
9863 6
9864 9
9865 9
9866 7
9867 8
9868 8
9869 7
9870 8
9871 8
9872 8
9873 8
9874 5
9875 6
9876 7
9877 4
9878 5
9879 9
9880 5
9881 5
9882 8
9883 8
9884 8
9885 7
9886 8
9887 8
9888 9
9889 9
9890 6
9891 7
9892 8
9893 6
9894 7
9895 9
9896 10
9897 9
9898 10
9899 9
9900 8
9901 4
9902 4
9903 4
9904 6
9905 5
9906 5
9907 5
9908 5
9909 5
9910 6
9911 8
9912 8
9913 8
9914 8
9915 9
9916 9
9917 8
9918 4
9919 10
9920 10
9921 10
9922 11
9923 11
9924 12
9925 11
9926 11
9927 12
9928 6
9929 9
9930 6
9931 3
9932 3
9933 6
9934 6
9935 7
9936 6
9937 4
9938 8
9939 4
9940 8
9941 5
9942 10
9943 10
9944 6
9945 7
9946 8
9947 9
9948 9
9949 9
9950 9
9951 9
9952 5
9953 8
9954 10
9955 10
9956 8
9957 9
9958 11
9959 8
9960 8
9961 8
9962 8
9963 9
9964 8
9965 9
9966 9
9967 4
9968 5
9969 4
9970 10
9971 10
9972 11
9973 8
9974 8
9975 9
9976 7
9977 5
9978 5
9979 7
9980 8
9981 9
9982 9
9983 8
9984 8
9985 8
9986 8
9987 8
9988 10
9989 10
9990 10
9991 10
9992 10
9993 10
9994 10
9995 10
9996 10
9997 9
9998 11
9999 11
10000 10
10001 10
10002 11
10003 11
10004 10
10005 10
10006 9
10007 9
10008 5
10009 8
10010 9
10011 5
10012 5
10013 8
10014 10
10015 8
10016 5
10017 5
10018 6
10019 6
10020 6
10021 6
10022 6
10023 7
10024 4
10025 4
10026 8
10027 8
10028 4
10029 6
10030 3
10031 6
10032 5
10033 7
10034 5
10035 6
10036 6
10037 3
10038 4
10039 5
10040 3
10041 4
10042 4
10043 6
10044 5
10045 6
10046 6
10047 5
10048 6
10050 4
10052 6
10053 6
10054 8
10055 4
10056 4
10057 9
10058 8
10059 9
10060 4
10061 5
10062 5
10063 5
10064 6
10065 6
10066 7
10067 8
10068 8
10069 5
10070 5
10071 3
10072 4
10073 4
10074 7
10075 7
10076 6
10077 7
10078 8
10079 7
10080 4
10081 5
10082 7
10084 9
10085 9
10086 4
10087 5
10088 5
10089 5
10090 6
10091 6
10092 6
10093 6
10094 3
10095 4
10096 7
10097 6
10098 6
10099 5
10100 8
10101 8
10102 8
10103 5
10104 5
10105 6
10106 6
10107 4
10108 6
10109 5
10110 5
10111 5
10112 0
10113 5
10114 5
10115 4
10116 5
10117 6
10118 6
10119 4
10122 4
10123 5
10124 5
10125 5
10126 4
10127 5
10128 5
10129 11
10130 11
10131 11
10132 11
10133 11
10134 11
10135 11
10136 11
10137 5
10138 7
10139 8
10140 7
10141 7
10142 5
10143 4
10144 3
10145 6
10146 5
10147 4
10148 4
10149 6
10150 9
10151 4
10152 4
10153 5
10154 3
10155 3
10156 4
10157 5
10158 4
10159 5
10160 6
10161 8
10162 8
10163 5
10165 4
10166 5
10167 5
10168 11
10169 11
10170 4
10171 6
10172 6
10173 7
10174 7
10175 7
10176 7
10177 7
10178 7
10179 6
10180 6
10181 6
10182 6
10183 10
10184 11
10185 11
10186 12
10187 12
10188 12
10189 8
10190 9
10191 6
10192 10
10193 7
10194 4
10195 4
10196 4
10197 5
10198 6
10199 7
10200 4
10202 7
10203 7
10204 5
10205 5
10206 5
10207 5
10208 8
10209 7
10210 6
10211 4
10212 5
10213 5
10214 5
10215 5
10216 5
10217 11
10218 11
10219 12
10220 12
10221 12
10222 8
10223 3
10224 5
10225 5
10226 7
10227 7
10228 11
10229 11
10230 12
10231 6
10232 5
10233 3
10234 3
10235 6
10236 6
10237 6
10238 7
10239 7
10240 6
10241 9
10242 6
10243 7
10244 7
10245 5
10246 6
10247 7
10248 7
10249 7
10250 7
10251 6
10252 7
10253 7
10254 6
10255 6
10256 7
10257 7
10258 6
10259 7
10260 7
10261 6
10262 6
10263 6
10264 8
10265 8
10266 7
10267 6
10268 6
10269 7
10270 7
10271 7
10272 8
10273 5
10274 5
10275 7
10276 8
10277 8
10278 7
10279 7
10280 6
10281 6
10282 5
10283 5
10284 6
10285 7
10286 6
10287 6
10288 6
10289 6
10290 6
10291 6
10292 6
10293 6
10294 7
10295 6
10296 6
10297 6
10298 6
10299 7
10300 7
10301 8
10302 7
10303 7
10304 8
10305 8
10306 6
10307 3
10308 4
10309 6
10310 7
10311 7
10312 8
10313 7
10314 7
10315 7
10316 7
10317 8
10318 7
10319 8
10320 7
10321 7
10322 8
10323 7
10324 7
10325 7
10326 8
10327 7
10328 8
10329 3
10330 4
10331 4
10332 5
10333 6
10334 3
10335 6
10336 8
10337 8
10338 7
10339 7
10340 8
10341 8
10342 8
10343 6
10344 7
10345 9
10346 8
10347 4
10348 8
10349 7
10350 8
10351 8
10352 3
10353 6
10354 7
10355 6
10356 6
10357 7
10358 6
10359 7
10360 7
10361 7
10362 7
10363 8
10364 8
10365 7
10366 8
10367 8
10368 3
10369 4
10370 3
10371 4
10372 4
10373 7
10374 5
10375 6
10376 6
10377 3
10378 5
10379 5
10380 5
10381 4
10382 5
10383 6
10384 8
10385 4
10386 3
10387 10
10388 11
10389 8
10390 9
10391 7
10392 7
10393 6
10394 6
10395 5
10396 5
10397 6
10398 7
10399 7
10400 7
10401 7
10402 6
10403 6
10404 7
10405 7
10406 7
10407 7
10408 7
10409 5
10410 6
10411 6
10412 6
10413 7
10414 7
10415 7
10416 6
10417 7
10418 7
10419 7
10420 7
10421 5
10422 8
10423 6
10424 6
10425 4
10426 5
10427 6
10428 6
10429 6
10430 7
10431 5
10432 6
10433 5
10434 5
10435 4
10436 5
10437 6
10438 5
10439 5
10440 5
10441 6
10442 6
10443 7
10444 7
10445 7
10446 8
10447 6
10448 7
10449 7
10450 4
10451 4
10452 4
10453 5
10454 5
10455 7
10456 6
10457 6
10458 6
10459 6
10460 6
10461 6
10462 4
10463 6
10464 9
10465 8
10466 9
10467 10
10468 7
10469 9
10470 9
10471 10
10472 9
10473 8
10474 8
10475 10
10476 6
10477 6
10478 4
10479 6
10480 5
10481 9
10482 10
10483 10
10484 9
10485 9
10486 8
10487 7
10488 7
10489 5
10490 6
10491 6
10492 6
10493 6
10494 5
10495 6
10496 7
10497 6
10498 6
10499 6
10500 6
10501 7
10502 7
10503 7
10504 5
10505 5
10506 6
10507 6
10508 4
10509 6
10510 6
10511 6
10512 6
10513 6
10514 6
10515 6
10516 7
10517 5
10519 5
10520 5
10521 6
10522 6
10523 7
10524 8
10525 9
10526 9
10527 9
10528 6
10529 5
10530 5
10531 5
10532 6
10533 6
10534 6
10535 6
10536 7
10537 3
10538 10
10539 10
10540 8
10541 7
10542 8
10543 8
10544 7
10545 4
10546 5
10547 5
10548 6
10549 7
10551 4
10552 5
10553 6
10554 6
10555 6
10556 8
10557 6
10558 6
10559 4
10560 5
10561 5
10562 6
10563 7
10564 5
10565 6
10566 6
10567 6
10568 6
10569 8
10570 6
10571 6
10572 7
10573 7
10574 7
10575 9
10576 6
10577 6
10578 6
10579 7
10580 7
10581 7
10582 7
10583 6
10584 7
10585 7
10586 8
10587 8
10588 8
10589 6
10590 7
10591 8
10592 5
10593 6
10594 8
10595 8
10596 9
10597 9
10598 8
10599 6
10600 8
10601 8
10602 8
10603 9
10604 9
10605 6
10606 8
10607 6
10608 6
10609 7
10610 8
10611 8
10612 8
10613 7
10614 7
10615 8
10616 8
10617 6
10618 7
10619 7
10620 7
10621 7
10622 7
10623 8
10624 8
10625 8
10626 6
10627 7
10628 7
10629 7
10630 3
10631 7
10632 4
10633 6
10634 6
10635 5
10636 6
10637 6
10638 7
10639 2
10640 8
10641 7
10642 6
10643 6
10644 6
10645 8
10646 6
10647 6
10648 6
10649 6
10650 5
10651 6
10652 7
10653 3
10654 4
10655 6
10656 6
10657 6
10658 8
10659 9
10660 9
10661 9
10662 5
10663 6
10664 6
10665 7
10666 6
10667 6
10668 5
10669 8
10670 8
10671 10
10672 11
10673 11
10674 9
10675 9
10676 9
10677 9
10678 2
10679 3
10680 2
10681 4
10682 4
10683 5
10684 4
10685 4
10686 5
10687 6
10688 5
10689 5
10690 5
10691 5
10692 5
10693 5
10694 4
10695 3
10696 7
10697 4
10698 3
10699 4
10700 4
10701 10
10702 9
10703 9
10704 8
10705 9
10706 6
10707 6
10708 7
10709 5
10710 4
10711 6
10712 6
10713 5
10714 6
10715 5
10716 6
10717 5
10718 6
10719 6
10720 8
10721 8
10722 6
10723 2
10724 7
10725 7
10726 4
10727 8
10728 8
10729 10
10730 10
10731 10
10732 6
10733 6
10734 6
10735 7
10736 4
10737 6
10738 6
10739 6
10740 5
10741 2
10742 6
10743 6
10744 5
10745 5
10746 5
10747 6
10748 4
10749 5
10750 7
10751 7
10752 4
10753 4
10754 4
10755 4
10756 5
10757 5
10758 5
10759 5
10760 5
10761 6
10762 6
10763 3
10764 5
10765 6
10766 6
10767 6
10768 1
10769 2
10770 3
10771 1
10772 5
10773 7
10774 8
10775 6
10776 5
10777 7
10778 4
10779 5
10780 6
10781 6
10782 7
10783 4
10784 4
10785 4
10786 5
10787 4
10788 5
10789 4
10790 5
10791 5
10792 5
10793 5
10794 5
10795 5
10796 5
10797 5
10798 4
10799 6
10800 5
10801 5
10802 4
10803 4
10804 6
10805 6
10806 6
10807 4
10808 5
10809 6
10810 8
10811 8
10812 9
10813 8
10814 9
10815 9
10816 8
10817 9
10818 4
10819 4
10820 3
10821 4
10822 3
10823 4
10824 6
10825 5
10826 6
10827 6
10828 5
10829 6
10830 6
10831 3
10832 4
10833 8
10834 9
10835 12
10836 12
10837 9
10838 11
10839 11
10840 10
10841 13
10842 13
10843 10
10844 13
10845 13
10846 10
10847 12
10848 12
10849 11
10850 12
10851 12
10852 6
10853 4
10854 5
10855 4
10856 5
10857 4
10858 5
10859 8
10860 8
10861 6
10862 6
10863 7
10864 7
10865 3
10866 3
10867 5
10868 6
10869 6
10870 6
10871 5
10872 6
10873 6
10874 4
10875 5
10876 5
10877 5
10878 6
10879 6
10880 4
10881 5
10882 5
10883 4
10884 4
10885 4
10886 7
10887 4
10889 9
10890 9
10891 9
10892 5
10893 6
10894 5
10895 6
10896 6
10897 5
10898 5
10899 4
10900 6
10901 5
10902 6
10903 7
10904 7
10905 8
10906 5
10907 6
10908 7
10909 6
10910 6
10911 5
10912 4
10913 4
10914 5
10915 6
10916 6
10917 6
10918 5
10919 6
10920 6
10921 6
10922 6
10923 7
10924 4
10925 5
10926 6
10927 6
10928 5
10929 6
10930 6
10931 5
10932 6
10933 6
10934 5
10935 6
10936 6
10937 6
10938 6
10939 4
10940 4
10941 8
10942 3
10943 5
10944 4
10945 4
10946 6
10947 4
10948 4
10949 7
10950 3
10951 3
10952 5
10953 4
10954 3
10955 4
10956 5
10957 4
10958 5
10959 4
10960 5
10961 6
10962 6
10963 5
10964 6
10965 6
10966 5
10967 6
10968 6
10969 5
10970 5
10971 4
10972 5
10973 5
10974 5
10975 4
10976 5
10977 5
10978 5
10979 5
10980 5
10981 5
10982 5
10983 6
10984 6
10985 5
10986 6
10987 6
10988 6
10989 7
10992 5
10993 5
10994 3
10995 5
10996 8
10997 8
10998 5
10999 4
11000 4
11001 7
11002 7
11003 7
11004 4
11005 3
11006 4
11007 4
11008 6
11009 7
11010 7
11011 5
11012 6
11013 7
11014 5
11015 5
11016 5
11017 5
11018 3
11019 3
11020 4
11021 4
11022 5
11023 0
11024 5
11025 5
11026 6
11027 6
11028 7
11029 6
11030 7
11031 6
11032 7
11033 6
11034 7
11035 6
11036 7
11037 6
11038 7
11039 6
11040 6
11041 6
11042 6
11043 3
11044 4
11045 4
11046 3
11047 4
11048 4
11049 4
11050 5
11051 6
11052 7
11053 7
11054 8
11055 5
11056 6
11057 7
11058 6
11059 5
11060 6
11061 7
11062 7
11063 10
11064 7
11065 6
11066 7
11067 4
11068 5
11069 6
11070 6
11071 8
11072 6
11073 6
11074 5
11075 6
11076 6
11077 6
11078 7
11079 7
11080 7
11081 7
11082 3
11083 4
11084 4
11085 6
11086 6
11087 7
11088 7
11089 6
11090 6
11091 5
11092 6
11093 9
11094 9
11095 9
11096 10
11097 10
11098 7
11099 6
11100 4
11101 5
11102 6
11103 9
11104 9
11105 9
11106 10
11107 10
11108 7
11109 6
11110 4
11111 5
11112 5
11113 4
11114 5
11115 5
11116 7
11117 5
11118 5
11119 8
11120 9
11121 9
11122 10
11123 8
11124 9
11125 9
11126 10
11127 8
11128 9
11129 9
11130 10
11131 4
11132 5
11133 5
11134 5
11135 5
11136 6
11137 6
11138 5
11139 6
11140 6
11141 5
11142 5
11143 5
11144 5
11145 4
11146 5
11147 6
11148 6
11149 9
11150 9
11151 9
11152 10
11153 10
11154 10
11155 10
11156 4
11157 4
11158 5
11159 3
11160 4
11161 5
11162 6
11163 7
11164 3
11165 6
11166 7
11167 3
11168 4
11169 5
11170 5
11171 7
11172 4
11173 4
11174 5
11175 7
11176 7
11177 6
11178 7
11179 7
11180 4
11181 5
11182 5
11183 5
11184 6
11185 6
11186 3
11187 5
11188 5
11189 6
11190 6
11191 6
11192 6
11193 6
11194 3
11195 4
11196 4
11197 4
11198 5
11199 4
11200 4
11201 4
11202 4
11203 4
11204 5
11205 5
11206 5
11207 5
11208 5
11209 5
11210 4
11211 4
11212 5
11213 6
11214 7
11215 7
11216 7
11217 8
11218 8
11219 6
11220 7
11221 7
11222 6
11223 7
11224 6
11225 7
11226 5
11227 5
11228 6
11229 5
11230 5
11231 6
11232 6
11233 5
11234 7
11235 4
11236 5
11237 5
11238 4
11239 3
11240 7
11241 8
11242 9
11243 9
11244 10
11245 5
11246 5
11247 5
11248 3
11249 3
11250 3
11251 6
11252 4
11253 4
11254 5
11255 4
11256 4
11257 4
11258 4
11259 5
11260 4
11261 5
11262 5
11263 6
11264 4
11265 5
11266 5
11267 6
11268 7
11269 7
11270 7
11271 6
11272 6
11273 6
11274 6
11275 3
11276 5
11277 3
11278 3
11279 3
11280 6
11281 6
11282 6
11283 4
11284 5
11285 6
11286 6
11287 5
11288 5
11289 5
11290 6
11291 5
11292 5
11293 5
11294 7
11295 4
11296 5
11297 5
11298 4
11299 7
11300 6
11301 7
11302 7
11303 6
11304 6
11305 6
11306 5
11307 5
11308 5
11309 6
11310 5
11311 5
11312 7
11313 7
11314 7
11315 8
11316 8
11317 7
11318 8
11319 8
11320 6
11321 6
11322 6
11323 6
11324 5
11325 7
11326 7
11327 7
11328 7
11329 6
11330 6
11331 5
11332 5
11333 5
11334 5
11335 5
11336 5
11337 5
11338 8
11339 7
11340 6
11341 7
11342 7
11343 8
11344 8
11345 7
11346 7
11347 5
11348 6
11349 7
11350 7
11351 8
11352 8
11353 9
11354 7
11355 7
11356 8
11357 8
11358 8
11359 7
11360 5
11361 5
11362 5
11363 7
11364 5
11365 6
11366 6
11367 4
11368 5
11369 6
11370 6
11371 5
11372 6
11373 6
11374 6
11375 6
11376 4
11377 7
11378 6
11379 6
11380 7
11381 4
11382 4
11383 4
11384 4
11385 4
11386 6
11387 7
11388 4
11389 6
11390 3
11391 4
11392 5
11393 5
11394 5
11395 5
11396 3
11397 3
11398 3
11399 4
11400 3
11401 5
11402 5
11403 6
11404 6
11405 6
11406 6
11407 6
11408 6
11409 8
11410 6
11411 4
11412 5
11413 5
11414 5
11415 4
11416 6
11417 4
11418 4
11419 5
11420 4
11421 4
11422 7
11423 7
11424 5
11425 4
11426 4
11427 9
11428 9
11429 9
11430 8
11431 4
11432 4
11433 7
11434 4
11435 5
11436 5
11437 6
11438 5
11439 4
11440 5
11441 5
11442 5
11443 5
11444 4
11445 5
11446 6
11447 5
11448 6
11449 6
11450 5
11451 7
11452 7
11453 7
11454 8
11455 9
11456 5
11457 5
11458 5
11459 6
11460 6
11461 4
11462 5
11463 5
11464 6
11465 4
11466 5
11467 5
11468 4
11469 5
11470 6
11471 6
11472 4
11473 5
11474 5
11475 3
11476 4
11477 4
11478 4
11479 3
11480 4
11481 7
11482 7
11483 7
11484 4
11485 4
11486 4
11487 3
11488 3
11489 4
11490 4
11491 4
11492 4
11493 4
11494 2
11495 3
11496 3
11497 7
11498 7
11499 7
11500 8
11501 8
11502 8
11503 6
11504 5
11505 6
11506 7
11507 7
11508 8
11509 7
11510 5
11511 5
11512 9
11513 6
11514 3
11515 5
11516 6
11517 4
11518 4
11519 6
11520 7
11521 7
11522 6
11523 8
11524 8
11525 6
11526 6
11527 6
11528 7
11529 7
11530 7
11531 7
11532 6
11533 6
11534 4
11535 5
11536 5
11537 6
11538 5
11539 6
11540 7
11541 7
11542 6
11543 7
11544 7
11545 6
11546 7
11547 7
11548 6
11549 7
11550 7
11551 4
11552 4
11553 5
11554 5
11555 6
11556 7
11557 7
11558 4
11559 5
11560 5
11561 7
11562 4
11563 5
11564 5
11565 6
11566 4
11567 7
11568 6
11569 5
11570 4
11571 7
11572 9
11573 9
11574 10
11575 10
11576 9
11577 5
11578 6
11579 6
11580 4
11581 5
11582 5
11583 4
11584 5
11585 5
11586 4
11587 5
11588 5
11589 4
11590 5
11591 5
11592 5
11593 6
11594 6
11595 4
11596 5
11597 5
11598 4
11599 5
11600 5
11601 5
11602 6
11603 6
11604 4
11605 5
11606 5
11607 4
11608 5
11609 5
11610 3
11611 5
11612 6
11613 6
11614 2
11615 7
11616 4
11617 5
11618 5
11619 5
11620 6
11621 6
11622 6
11623 6
11624 6
11625 4
11626 5
11627 3
11628 4
11629 4
11630 4
11631 4
11632 5
11633 4
11634 4
11635 5
11636 6
11637 4
11638 4
11639 5
11640 9
11641 4
11642 4
11643 4
11644 5
11645 7
11646 5
11647 6
11648 5
11649 6
11650 6
11651 5
11652 6
11653 6
11654 6
11655 5
11656 7
11657 7
11658 9
11659 9
11660 5
11661 8
11662 8
11663 8
11664 8
11665 7
11666 7
11667 7
11668 7
11669 7
11670 7
11671 8
11672 9
11673 8
11674 7
11675 11
11676 9
11677 5
11678 5
11679 7
11680 7
11681 5
11682 5
11683 7
11684 8
11685 4
11686 5
11687 5
11688 6
11689 9
11690 8
11691 7
11692 5
11693 6
11694 8
11695 7
11696 8
11697 6
11698 3
11699 4
11700 9
11701 9
11702 4
11703 5
11704 5
11705 6
11706 4
11707 6
11708 5
11709 5
11710 5
11711 5
11712 6
11713 8
11714 9
11715 9
11716 6
11717 7
11718 7
11719 7
11720 4
11721 5
11722 4
11723 4
11724 5
11725 5
11726 5
11727 6
11728 5
11729 6
11730 7
11731 7
11732 6
11733 5
11734 4
11735 5
11736 5
11737 5
11738 6
11739 5
11740 4
11741 5
11742 5
11743 3
11744 6
11745 8
11746 5
11747 5
11748 4
11749 4
11750 7
11751 6
11752 6
11753 9
11754 6
11755 7
11756 7
11757 6
11758 4
11759 10
11760 5
11761 5
11762 3
11763 5
11764 5
11765 5
11766 4
11767 4
11768 4
11769 4
11770 4
11771 4
11772 5
11773 4
11774 4
11775 6
11776 4
11777 5
11778 5
11779 5
11780 4
11781 4
11782 3
11783 4
11784 4
11785 4
11786 4
11787 5
11788 4
11789 7
11790 7
11791 7
11792 5
11793 5
11794 5
11795 4
11796 4
11797 4
11798 4
11799 5
11800 5
11801 4
11802 5
11803 5
11804 4
11805 4
11806 6
11807 6
11808 4
11809 5
11810 6
11811 6
11812 7
11813 9
11814 10
11815 11
11816 11
11817 12
11818 6
11819 7
11820 7
11821 8
11822 9
11823 9
11824 5
11825 5
11826 6
11827 5
11828 4
11829 7
11830 6
11831 4
11832 4
11833 4
11834 6
11835 4
11836 5
11837 5
11838 6
11839 7
11840 4
11841 5
11842 5
11843 5
11844 5
11845 5
11846 6
11847 6
11848 6
11849 3
11850 7
11851 5
11852 6
11853 4
11854 5
11855 7
11856 6
11857 6
11858 6
11859 8
11860 7
11861 7
11862 7
11863 4
11864 5
11865 5
11866 6
11867 6
11868 9
11869 6
11870 9
11871 9
11872 7
11873 8
11874 4
11875 4
11876 7
11877 4
11878 6
11879 6
11880 6
11881 6
11882 6
11883 6
11884 6
11885 6
11886 7
11887 7
11888 5
11889 5
11890 6
11891 6
11892 5
11893 6
11894 6
11895 6
11896 7
11897 7
11898 5
11899 9
11900 4
11901 4
11902 5
11903 5
11904 4
11905 5
11906 6
11907 6
11908 6
11909 7
11910 7
11911 5
11912 5
11913 6
11914 7
11915 7
11916 7
11917 7
11918 5
11919 5
11920 5
11921 6
11922 5
11923 4
11924 5
11925 3
11926 3
11927 4
11928 5
11929 5
11930 5
11931 5
11932 5
11933 5
11934 5
11935 6
11936 5
11937 6
11938 6
11939 6
11940 6
11941 6
11942 6
11943 5
11944 5
11945 6
11946 6
11947 5
11948 5
11949 6
11950 6
11951 5
11952 5
11953 6
11954 6
11955 3
11956 5
11957 6
11958 6
11959 5
11960 5
11961 5
11962 6
11963 6
11964 7
11965 7
11966 6
11967 6
11968 6
11969 5
11970 5
11971 6
11972 6
11973 5
11974 4
11975 4
11976 6
11977 4
11978 4
11979 4
11980 7
11981 10
11982 10
11983 8
11984 4
11985 6
11986 7
11987 4
11988 6
11989 3
11990 4
11991 7
11992 7
11993 5
11994 5
11995 6
11996 9
11997 9
11998 7
11999 3
12000 3
12001 4
12002 5
12003 6
12004 7
12005 8
12006 3
12007 4
12008 6
12009 6
12010 6
12011 4
12012 5
12013 4
12014 5
12015 5
12016 6
12017 6
12018 4
12019 5
12020 3
12021 3
12022 4
12023 4
12024 5
12025 6
12026 6
12027 7
12028 3
12029 3
12030 5
12031 5
12032 4
12033 4
12034 4
12035 4
12036 5
12037 5
12038 5
12039 5
12040 4
12041 4
12042 5
12043 6
12044 4
12045 6
12046 6
12047 4
12048 3
12049 4
12050 4
12051 5
12052 6
12053 7
12054 4
12055 6
12056 6
12057 6
12058 4
12059 6
12060 6
12061 4
12062 5
12063 5
12064 6
12065 7
12066 7
12067 4
12068 5
12069 5
12070 4
12071 5
12072 5
12073 7
12074 8
12075 7
12076 6
12077 3
12078 4
12079 6
12080 5
12081 6
12082 5
12083 5
12084 5
12085 4
12086 5
12087 6
12088 6
12089 7
12090 8
12091 7
12092 6
12093 6
12094 7
12095 8
12096 8
12097 7
12098 8
12099 8
12100 7
12101 7
12102 6
12103 4
12104 5
12105 5
12106 4
12107 4
12108 8
12109 8
12110 4
12111 4
12112 4
12113 4
12114 4
12115 4
12116 5
12117 5
12118 5
12119 4
12120 4
12121 6
12122 6
12123 3
12124 4
12125 4
12126 5
12127 6
12128 5
12129 6
12130 5
12131 5
12132 5
12133 6
12134 5
12135 4
12136 5
12137 5
12138 6
12139 6
12140 7
12141 5
12142 5
12143 6
12144 6
12145 6
12146 6
12147 6
12148 6
12149 6
12150 6
12151 6
12152 6
12153 6
12154 6
12155 4
12156 5
12157 5
12158 4
12159 5
12160 5
12161 5
12162 6
12163 5
12164 6
12165 5
12166 5
12167 3
12168 6
12169 7
12170 7
12171 4
12172 4
12173 5
12174 4
12175 4
12176 3
12177 4
12178 5
12179 7
12180 7
12181 5
12182 7
12183 7
12184 7
12185 5
12186 3
12187 4
12188 9
12189 9
12190 9
12191 9
12192 4
12193 5
12194 5
12195 7
12196 4
12197 5
12198 5
12199 4
12200 5
12201 5
12202 4
12203 4
12204 3
12205 4
12206 5
12207 5
12208 4
12209 5
12210 5
12211 6
12212 6
12213 6
12214 6
12215 7
12216 8
12217 8
12218 9
12219 9
12220 6
12221 5
12222 6
12223 6
12224 5
12225 6
12226 6
12227 7
12228 7
12229 8
12230 5
12231 8
12232 6
12233 7
12234 4
12235 5
12236 5
12237 4
12238 6
12239 6
12240 4
12241 3
12242 5
12243 5
12244 4
12245 4
12246 4
12247 5
12248 5
12249 5
12250 5
12251 6
12252 4
12253 4
12254 5
12255 5
12256 7
12257 8
12258 8
12259 9
12260 3
12261 3
12262 5
12263 6
12264 7
12265 6
12266 7
12267 7
12268 8
12269 4
12270 5
12271 7
12272 7
12273 8
12274 7
12275 7
12276 8
12277 5
12278 4
12279 6
12280 7
12281 8
12282 7
12283 8
12284 8
12285 7
12286 7
12287 7
12288 5
12289 5
12290 6
12291 7
12292 7
12293 6
12294 6
12295 5
12296 5
12297 9
12298 8
12299 4
12300 5
12301 6
12302 7
12303 7
12304 5
12305 5
12306 5
12307 5
12308 6
12309 7
12310 8
12311 5
12312 5
12313 5
12314 4
12315 4
12316 4
12317 4
12318 6
12319 6
12320 3
12321 3
12322 4
12323 4
12324 5
12325 6
12326 6
12327 5
12328 6
12329 6
12330 6
12331 6
12332 6
12333 6
12334 6
12335 6
12336 7
12337 7
12338 6
12339 7
12340 7
12341 5
12342 5
12343 5
12344 5
12345 7
12346 7
12347 7
12348 5
12349 5
12350 5
12351 5
12352 6
12353 6
12354 6
12355 7
12356 7
12357 6
12358 7
12359 7
12360 4
12361 5
12362 5
12363 7
12364 8
12365 8
12366 7
12367 8
12368 8
12369 6
12370 7
12371 7
12372 7
12373 8
12374 9
12375 9
12376 8
12377 9
12378 9
12379 8
12380 9
12381 9
12382 3
12384 5
12385 6
12386 7
12387 7
12388 6
12389 7
12390 7
12391 6
12392 7
12393 7
12394 6
12395 7
12396 7
12397 7
12398 8
12399 4
12400 4
12401 4
12402 4
12403 4
12404 4
12405 4
12406 9
12407 10
12408 8
12409 9
12410 8
12411 8
12412 7
12413 6
12414 7
12415 6
12416 6
12417 6
12418 6
12419 6
12420 6
12421 6
12422 6
12423 6
12424 6
12425 6
12426 6
12427 6
12428 8
12429 6
12430 7
12431 7
12432 7
12433 7
12434 7
12435 7
12436 8
12437 7
12438 7
12439 7
12440 6
12441 9
12442 6
12443 8
12444 10
12445 10
12446 10
12447 10
12448 9
12449 10
12450 10
12451 9
12452 10
12453 10
12454 4
12455 5
12456 5
12457 10
12458 10
12459 9
12460 9
12461 6
12462 6
12463 6
12464 6
12465 9
12466 9
12467 7
12468 7
12469 6
12470 6
12471 9
12472 9
12473 8
12474 8
12475 9
12476 9
12477 10
12478 10
12479 7
12480 7
12481 8
12482 8
12483 5
12484 5
12485 6
12486 6
12487 9
12488 9
12489 8
12490 5
12491 4
12492 7
12493 7
12494 7
12495 7
12496 4
12497 5
12498 4
12499 5
12500 4
12501 4
12502 3
12503 3
12504 3
12505 3
12506 4
12507 5
12508 5
12509 5
12510 4
12511 5
12512 6
12513 7
12514 3
12515 4
12516 6
12517 6
12518 6
12519 7
12520 7
12521 4
12522 4
12523 6
12524 6
12525 5
12526 6
12527 6
12528 5
12529 7
12530 7
12531 4
12532 6
12533 5
12534 4
12535 4
12536 5
12537 4
12538 5
12539 6
12540 5
12541 6
12542 5
12543 6
12544 6
12545 4
12546 4
12547 8
12548 9
12549 5
12550 5
12551 5
12552 6
12553 5
12554 5
12555 4
12556 4
12557 4
12558 4
12559 7
12560 7
12561 5
12562 4
12563 6
12564 6
12565 5
12566 8
12567 8
12568 8
12569 8
12570 8
12571 8
12572 5
12573 5
12574 5
12575 5
12576 6
12577 7
12578 7
12579 4
12580 5
12581 6
12582 5
12583 6
12584 4
12585 5
12586 5
12587 6
12588 6
12589 4
12590 5
12591 5
12592 6
12593 6
12594 4
12595 5
12596 5
12597 4
12598 5
12599 5
12600 4
12601 5
12602 5
12603 4
12604 5
12605 6
12606 5
12607 6
12608 5
12609 6
12610 6
12611 4
12612 5
12613 5
12614 6
12615 7
12616 7
12617 6
12618 7
12619 7
12620 6
12621 7
12622 7
12623 5
12624 6
12625 6
12626 7
12627 7
12628 4
12629 5
12630 5
12631 6
12632 6
12633 5
12634 5
12635 4
12636 5
12637 5
12638 6
12639 6
12640 4
12641 5
12642 5
12643 4
12644 5
12645 5
12646 4
12647 5
12648 5
12649 4
12650 5
12651 5
12652 5
12653 6
12654 6
12655 5
12656 6
12657 6
12658 4
12659 5
12660 5
12661 5
12662 5
12663 5
12664 6
12665 5
12666 6
12667 7
12668 7
12669 5
12670 6
12671 6
12672 4
12673 7
12674 7
12675 6
12676 6
12677 6
12678 6
12679 7
12680 7
12681 7
12682 7
12683 6
12684 3
12685 6
12686 6
12687 5
12688 5
12689 5
12690 8
12691 4
12692 4
12693 4
12694 4
12695 4
12696 4
12697 5
12698 6
12699 6
12700 5
12701 4
12702 6
12703 6
12704 3
12705 4
12706 4
12707 7
12708 7
12709 7
12710 8
12711 4
12712 4
12713 5
12714 6
12715 6
12716 7
12717 8
12718 8
12719 2
12720 3
12721 3
12722 3
12723 3
12724 5
12725 6
12726 7
12727 7
12728 5
12729 7
12730 7
12731 7
12732 5
12733 5
12734 3
12735 3
12736 6
12737 7
12738 7
12739 6
12740 6
12741 6
12742 6
12743 6
12744 6
12745 4
12746 5
12747 7
12748 8
12749 8
12750 9
12751 8
12752 6
12753 7
12754 7
12755 8
12756 8
12757 6
12758 6
12759 7
12760 7
12761 7
12762 8
12763 9
12764 10
12765 10
12766 9
12767 10
12768 10
12769 11
12770 12
12771 12
12772 11
12773 10
12774 10
12775 5
12776 7
12777 6
12778 4
12779 7
12780 4
12781 5
12782 5
12783 6
12784 7
12785 8
12786 8
12787 8
12788 7
12789 8
12790 8
12791 8
12792 7
12793 8
12794 8
12795 8
12796 7
12797 8
12798 8
12799 8
12800 7
12801 8
12802 8
12803 8
12804 7
12805 8
12806 8
12807 8
12808 7
12809 8
12810 8
12811 8
12812 7
12813 8
12814 8
12815 8
12816 7
12817 7
12818 7
13000 6
13001 7
13002 8
13003 9
13004 6
13005 7
13006 6
13007 6
13008 6
13009 7
13010 7
13011 8
13012 6
13013 7
13014 7
13015 0
13016 0
13017 0
13018 0
13019 0
13020 0
13021 10
13022 11
13023 11
13024 10
13025 11
13026 11
13027 2
13028 3
13029 3
13030 3
13031 3
13032 3
13033 3
13034 3
13035 4
13036 4
13037 4
13038 4
13039 4
13040 4
13041 3
13042 4
13043 4
13044 4
13045 4
13046 4
13047 4
13048 3
13049 4
13050 4
13051 4
13052 4
13053 4
13054 4
13055 3
13056 4
13057 4
13058 4
13059 4
13060 4
13061 4
13062 3
13063 7
13064 7
13065 7
13066 7
13067 7
13068 7
13069 3
13070 4
13071 4
13072 4
13073 4
13074 4
13075 4
13076 3
13077 4
13078 4
13079 4
13080 4
13081 4
13082 4
13083 3
13084 4
13085 4
13086 4
13087 4
13088 4
13089 4
13090 3
13091 4
13092 4
13093 4
13094 4
13095 4
13096 4
13097 3
13098 4
13099 4
13100 4
13101 4
13102 4
13103 4
13104 3
13105 6
13106 6
13107 6
13108 6
13109 6
13110 6
13111 6
13112 6
13113 3
13114 3
13115 7
13116 7
13117 7
13118 3
13119 4
13120 4
13121 4
13122 4
13123 4
13124 4
13125 4
13126 4
13127 5
13128 7
13129 6
13130 5
13131 6
13132 6
13133 3
13134 5
13135 5
13136 3
13137 7
13138 5
13139 3
13140 4
13141 5
13142 5
13143 4
13144 4
13145 3
13146 3
13147 6
13148 6
13149 5
13150 7
13151 4
13152 4
13153 11
13154 12
13155 12
13156 11
13157 12
13158 12
13159 6
13160 4
13161 4
13162 5
13163 6
13164 5
13165 6
13166 6
13167 5
13168 6
13169 6
13170 4
13171 3
13172 4
13173 6
13174 4
13175 3
13176 3
13177 3
13178 3
13179 3
13180 5
13181 5
13182 3
13183 6
13184 5
13185 5
13186 6
13187 7
13188 6
13189 6
13190 6
13191 7
13192 7
13193 6
13194 7
13195 7
13196 7
13197 7
13198 5
13199 6
13200 5
13201 5
13202 3
13203 4
13204 0
13205 5
13206 4
13207 6
13208 3
13209 4
13210 4
13211 5
13212 0
13213 6
13214 7
13215 4
13216 6
13217 4
13218 7
13219 7
13220 6
13221 4
13222 5
13223 5
13224 6
13225 5
13226 6
13227 7
13228 6
13229 6
13230 4
13231 4
13232 4
13233 5
13234 5
13235 6
13236 6
13237 4
13238 4
13239 5
13240 5
13241 4
13242 3
13243 3
13244 4
13245 3
13246 3
13247 5
13248 6
13249 3
13250 6
13251 7
13252 5
13253 4
13254 4
13255 5
13256 6
13257 6
13258 2
13259 6
13260 7
13261 5
13262 5
13263 5
13264 5
13265 5
13266 6
13267 7
13268 7
13269 6
13270 6
13271 6
13272 3
13273 4
13274 3
13275 3
13276 11
13277 5
13278 6
13279 6
13280 9
13281 10
13282 5
13283 4
13284 5
13285 4
13286 5
13287 4
13288 5
13289 5
13290 6
13291 5
13292 7
13293 6
13294 5
13295 4
13296 7
13297 8
13298 9
13299 9
13300 7
13301 4
13302 6
13303 6
13304 4
13305 4
13306 6
13307 6
13308 6
13309 5
13310 5
13311 6
13312 7
13313 7
13314 4
13315 4
13316 5
13317 4
13318 6
13319 6
13320 6
13321 6
13322 6
13323 5
13324 4
13325 4
13326 4
13327 4
13328 2
13329 4
13330 4
13331 5
13332 3
13333 4
13334 7
13335 4
13336 9
13337 8
13338 7
13339 8
13340 7
13341 8
13342 10
13343 6
13344 7
13345 7
13346 8
13347 8
13348 9
13349 10
13350 11
13351 10
13352 10
13353 10
13354 8
13355 9
13356 7
13357 8
13358 7
13359 7
13360 7
13361 8
13362 7
13363 7
13364 7
13365 7
13366 5
13367 8
13368 4
13369 5
13370 6
13371 6
13372 6
13373 6
13374 7
13375 6
13376 7
13377 7
13378 8
13379 8
13380 9
13381 6
13382 7
13383 8
13384 6
13385 7
13386 7
13387 8
13388 7
13389 8
13390 7
13391 6
13392 7
13393 6
13394 4
13395 4
13396 4
13397 6
13398 7
13399 8
13400 8
13401 9
13402 5
13403 4
13404 5
13405 5
13406 4
13407 5
13408 10
13409 11
13410 11
13411 10
13412 11
13413 6
13414 7
13415 7
13416 10
13417 11
13418 11
13419 10
13420 11
13421 11
13422 10
13423 11
13424 11
13425 9
13426 10
13427 10
13428 11
13429 12
13430 12
13431 11
13432 12
13433 12
13434 11
13435 12
13436 12
13437 7
13438 4
13439 6
13440 5
13441 5
13442 6
13443 8
13444 8
13445 8
13446 7
13447 8
13448 7
13449 5
13450 3
13451 4
13452 6
13453 5
13454 6
13455 5
13456 6
13457 7
13458 7
13459 6
13460 7
13461 5
13462 7
13463 8
13464 8
13465 7
13466 6
13467 3
13468 4
13469 6
13470 7
13471 7
13472 6
13473 7
13474 6
13475 4
13476 6
13477 3
13478 5
13479 5
13480 5
13481 6
13482 6
13483 6
13484 7
13485 8
13486 8
13487 5
13488 8
13489 8
13490 9
13491 5
13492 5
13493 4
13494 6
13495 7
13496 4
13497 4
13498 5
13499 4
13500 5
13501 6
13502 6
13503 4
13504 5
13505 5
13506 6
13507 7
13508 6
13509 11
13510 12
13511 12
13512 12
13513 13
13514 13
13515 12
13516 13
13517 13
13518 11
13519 12
13520 12
13521 12
13522 13
13523 13
13524 12
13525 13
13526 13
13527 9
13528 5
13529 7
13530 7
13531 8
13532 7
13533 8
13534 6
13535 6
13536 7
13537 7
13538 8
13539 7
13540 8
13541 8
13542 9
13543 4
13544 4
13545 7
13546 7
13547 8
13548 8
13549 5
13550 5
13551 6
13552 6
13553 7
13554 4
13555 4
13556 4
13557 4
13558 3
13559 3
13560 3
13561 3
13562 4
13563 5
13564 5
13565 5
13566 6
13567 6
13568 6
13569 6
13570 4
13571 5
13572 5
13573 5
13574 5
13575 4
13576 5
13577 6
13578 4
13579 5
13580 4
13581 6
13582 6
13583 6
13584 4
13585 8
13586 8
13587 7
13588 7
13589 8
13590 7
13591 8
13592 7
13593 7
13594 8
13595 7
13596 4
13597 7
13598 8
13599 8
13600 6
13601 6
13602 8
13603 9
13604 9
13605 5
13606 5
13607 6
13608 6
13609 6
13610 6
13611 5
13612 6
13613 5
13614 5
13615 6
13616 6
13617 6
13618 6
13619 5
13620 6
13621 6
13622 7
13623 8
13624 8
13625 5
13626 5
13627 5
13628 5
13629 5
13630 6
13631 6
13632 5
13633 5
13634 5
13635 5
13636 3
13637 5
13638 5
13639 4
13640 4
13641 5
13642 5
13643 5
13644 5
13645 4
13646 4
13647 7
13648 8
13649 8
13650 7
13651 8
13652 8
13653 7
13654 8
13655 8
13656 3
13657 4
13658 4
13659 5
13660 4
13661 5
13662 6
13663 6
13664 9
13665 9
13666 10
13667 10
13668 10
13669 11
13670 11
13671 9
13672 10
13673 10
13674 10
13675 11
13676 11
13677 11
13678 12
13679 12
13680 9
13681 10
13682 10
13683 11
13684 11
13685 11
13686 11
13687 9
13688 10
13689 10
13690 10
13691 11
13692 11
13693 5
13694 5
13695 6
13696 7
13697 7
13698 8
13699 8
13700 8
13701 9
13702 5
13703 6
13704 7
13705 7
13706 8
13707 4
13708 5
13709 6
13710 6
13711 6
13712 6
13713 7
13714 6
13715 7
13716 7
13717 7
13718 7
13719 6
13720 7
13721 7
13722 5
13723 6
13724 6
13725 7
13726 8
13727 7
13728 8
13729 8
13730 6
13731 6
13732 6
13733 6
13734 6
13735 6
13736 6
13737 6
13738 6
13739 6
13740 8
13741 7
13742 6
13743 6
13744 4
13745 4
13746 7
13747 7
13748 7
13749 7
13750 7
13751 7
13752 5
13753 3
13754 3
13755 5
13756 6
13757 6
13758 6
13759 6
13760 9
13761 10
13762 9
13763 11
13764 11
13765 6
13766 8
13767 8
13768 11
13769 11
13770 11
13771 12
13772 12
13773 11
13774 12
13775 12
13776 4
13777 6
13778 7
13779 7
13780 8
13781 7
13782 8
13783 9
13784 7
13785 7
13786 7
13787 4
13788 6
13789 6
13790 6
13791 6
13792 6
13793 7
13794 7
13795 8
13796 8
13797 8
13798 8
13799 4
13800 4
13801 4
13802 8
13803 9
13804 9
13805 9
13806 3
13807 5
13808 8
13809 8
13810 7
13811 5
13812 6
13813 6
13814 6
13815 4
13816 5
13817 6
13818 5
13819 4
13820 5
13821 6
13822 7
13823 8
13824 8
13825 9
13826 9
13827 6
13828 6
13829 6
13830 7
13831 6
13832 6
13833 6
13834 6
13835 6
13836 6
13837 6
13838 9
13839 7
13840 8
13841 4
13842 6
13843 6
13844 4
13845 4
13846 5
13847 5
13848 5
13849 6
13850 7
13851 6
13852 6
13853 6
13854 6
13855 7
13856 7
13857 4
13858 6
13859 7
13860 8
13861 4
13862 6
13863 5
13864 6
13865 6
13866 5
13867 5
13868 6
13869 4
13870 8
13871 7
13872 5
13873 5
13874 6
13875 6
13876 7
13877 6
13878 7
13879 6
13880 6
13881 12
13882 13
13883 13
13884 12
13885 13
13886 13
13887 8
13888 11
13889 12
13890 12
13891 7
13892 5
13893 5
13894 5
13895 4
13896 5
13897 6
13898 5
13899 6
13900 7
13901 7
13902 4
13903 5
13904 6
13905 4
13906 7
13907 3
13908 8
13909 8
13910 8
13911 8
13912 4
13913 6
13914 7
13915 4
13916 4
13917 7
13918 7
13919 7
13920 8
13921 8
13922 8
13923 7
13924 6
13925 5
13926 7
13927 6
13928 6
13929 4
13930 5
13931 8
13932 5
13933 5
13934 6
13935 4
13936 5
13937 5
13938 4
13939 8
13940 9
13941 3
13942 3
13943 4
13944 6
13945 4
13946 6
13947 6
13948 5
13949 9
13950 7
13951 8
13952 8
13953 7
13954 4
13955 6
13956 6
13957 5
13958 5
13959 5
13960 5
13961 7
13962 8
13963 6
13964 6
13965 6
13966 5
13967 6
13968 10
13969 7
13970 4
13971 4
13972 6
13973 6
13974 6
13975 6
13976 7
13977 6
13978 7
13979 7
13980 6
13981 9
13982 6
13983 5
13984 6
13985 7
13986 7
13987 7
13988 6
13989 6
13990 6
13991 7
13992 6
13993 7
13994 8
13995 8
13996 7
13997 8
13998 8
13999 8
14000 7
14001 7
14002 7
14003 7
14004 7
14005 6
14006 7
14007 6
14008 7
14009 7
14010 3
14011 6
14012 4
14013 6
14014 7
14015 7
14016 6
14017 6
14018 4
14019 4
14020 4
14021 2
14022 6
14023 4
14024 6
14025 6
14026 3
14027 4
14028 5
14029 5
14030 4
14031 5
14032 4
14033 5
14034 6
14035 7
14036 5
14037 4
14038 7
