609300 202110
609300 202110
300256 300438
614984 204750
600301 610006
609577 273750
610991 612921
614145 614205
609010 210200
609014 210210
613890 201810
601609 231530
610690 250620
614725 614739
600529 250950
606580 258501
608977 610198
616254 616271
600521 257920
612502 265050
480000 400045
605423 607080
480000 400044
300473 300018
184757 612965
600982 613762
605423 233420
600450 614279
603693 616067
612779 274270
614243 260005
187680 610460
615787 616034
602770 613080
100678 614055
300307 302905
601146 201250
171833 615214
611254 607131
612074 612079
109700 105200
601978 614373
609671 615234
609588 205950
600144 106190
606985 106210
611448 107600
605632 615553
601184 616192
176740 615919
606694 615770
601763 607271
602290 615988
610142 615991
613580 615992
613605 615995
615870 615996
170995 616278
605577 615888
176893 616176
142989 610713
179590 616001
608166 214800
605461 613953
606496 613956
607043 615527
613932 616117
613920 616500
600824 607482
188380 613740
191044 611880
614518 614672
611414 613875
193060 116300
606201 116400
600836 115900
611220 616279
612801 616007
603816 607864
605870 615268
605363 603513
610513 606693
300906 300905
605266 607831
614984 615025
604139 616233
609701 616491
601421 613641
605995 118210
610197 605589
606754 614415
300272 300863
601683 616733
600702 614306
602219 216820
611849 615395
613311 615595
612805 615918
164360 616045
609728 616430
609063 616811
138470 615561
607905 607906
602202 614507
601134 615596
608605 615597
300090 300934
114010 616457
613580 217085
606636 615225
616305 616819
608151 614378
601215 614564
303631 300914
611051 607453
614591 614614
604799 616707
615762 615837
600206 615974
607293 616042
611410 616515
103072 610154
604943 613865
605755 610212
615427 615429
173321 613453
164860 616705
603704 614900
604174 615550
300945 300946
604900 615863
609377 616553
609377 616553
601012 614860
102630 607371
608248 614929
605942 615539
601282 616487
137035 616461
190197 615400
616639 616640
606919 616230
150341 616540
611623 615833
120210 614135
616454 616468
614140 600251
606831 616115
607037 615605
602851 604352
610285 208150
182530 135300
601527 613456
615820 610100
131370 612932
603942 613507
192974 614200
147470 616489
134770 615517
611482 142669
611254 614120
605197 236800
610275 616025
176761 615555
152760 614841
603286 614842
608245 615896
608248 613981
600271 613102
604011 615518
600315 615593
153390 615758
186780 610163
603517 616098
605047 616345
602376 616669
605384 615767
600124 615422
164017 615424
151350 615438
603639 614328
131550 616069
602676 615665
616650 616784
603491 149700
603197 245800
603835 256000
613915 616248
600294 616287
116897 601626
107310 616291
601047 612526
612120 615238
123831 616342
604001 611820
171650 200950
610362 613757
611065 615135
613629 248700
611279 616258
613846 613885
614144 614209
300521 300923
300204 300928
300576 300577
300256 300220
300199 300238
300138 300886
300556 300423
602879 614257
608433 612337
611655 615802
615748 615817
609102 615979
138210 616281
609842 616460
600465 615493
610827 615095
602978 615414
603368 616080
117143 616051
609321 616402
616062 616681
611423 614673
609449 605013
610083 615145
300013 309800
604294 614402
300193 300915
604685 612290
604685 612290
610565 616059
164360 615228
601445 252010
614461 615824
615831 615838
616097 616111
614478 220110
612322 220110
606153 614053
612123 251950
602765 158000
607108 120430
607071 601492
615316 615330
600921 612961
125660 615325
604577 616812
615247 616094
612866 616227
604270 616304
600322 616330
100710 616314
100720 616321
100720 616323
600276 615293
600016 612540
615903 616209
120240 255600
312040 310465
610647 614063
615949 615972
602358 161400
159465 614250
609799 613824
191342 615491
604624 613376
609139 614751
113810 614653
138971 162830
139330 616389
600456 613886
300294 300918
100850 616289
601911 616788
615944 615948
600943 613848
606633 613849
601769 166710
167411 615560
601653 166780
607066 616400
300556 300911
610272 615399
601047 606721
610190 616265
608568 614369
615532 615544
600783 614926
614168 261680
610936 610992
194648 615226
612186 616113
609390 612691
608755 610204
604918 608027
604161 176400
608187 612885
608489 615723
607311 264080
118494 100100
606940 178300
164790 614470
605558 615721
609799 615415
120130 180000
610942 616722
601197 616188
603904 616079
607849 616108
300170 300424
608132 613464
608845 613575
180290 615233
604043 615565
607331 180104
600024 613471
180430 608611
300642 300643
312820 300813
300192 300813
609279 613676
614724 614728
601810 615807
608210 616682
608151 614376
608136 608236
607575 182410
614297 615043
602498 615658
607669 615685
102771 615686
609347 615625
609347 615625
608846 616282
615316 616451
601689 615841
614312 615842
609856 102530
601978 605726
130610 609306
605512 133190
611204 616053
602345 616410
300014 302500
613516 615705
616120 616127
600028 220600
602576 609813
609891 616566
608461 615155
120260 614284
300579 300434
600576 615542
604217 610441
165330 273395
608221 188000
274180 614158
300951 300953
609678 613229
120320 616470
613012 276880
300774 311510
606036 615926
600754 277950
602357 614493
133520 610965
604862 613393
162230 105400
608396 613410
191342 613643
131244 600501
615549 615954
139320 219080
603273 103285
601731 608688
300546 305400
604556 615812
157147 200100
607556 200110
608160 114290
115500 614097
200350 613933
605378 231550
605522 200500
606718 600972
604505 200600
120140 200610
134934 100800
601190 610024
605537 616517
600053 216900
605080 262300
139340 613856
601489 615961
605254 142690
607632 613736
104311 613737
611254 200990
600726 607778
607059 201100
188830 101800
600129 614613
605593 154400
616404 616462
108740 101900
139320 102200
615951 603671
603248 609441
108961 602875
134797 102370
607008 201450
606885 201470
610911 100300
614194 614219
147183 614814
614789 615297
190198 616028
605185 616589
102600 614723
131550 211980
164757 211980
164870 211980
602544 211980
602544 167000
604933 608456
603026 181030
611731 175100
608958 102700
609712 102900
608222 103050
612761 136000
605441 612556
191170 202300
610613 202010
613815 201910
300473 300200
118485 613743
604614 201400
300371 300100
300371 300100
600429 110800
603426 604348
600864 615224
134820 202400
134830 202400
134850 202400
147020 601495
146770 613500
112205 613501
604515 613502
608360 613506
147245 612692
300300 307200
300300 300755
604878 218000
167420 202650
606609 225750
610326 610181
610330 610329
606034 610333
606754 612952
146920 615010
606951 615846
610534 616459
615495 615510
600275 610205
601920 118450
300110 300600
612026 615071
611409 203200
606933 203100
606933 606952
611409 203200
115501 203290
606202 606574
609802 113750
614537 615179
100650 610251
610613 103900
137780 203450
607474 203500
300095 300523
602302 203655
103950 614036
613168 262850
104150 615969
613022 203740
607809 203750
604489 614307
300032 300448
300032 301040
179615 609889
303630 301050
120070 104200
120070 203780
120131 203780
606844 203800
182350 614820
182340 104290
601089 265380
606236 606243
104760 104300
605526 104300
607116 104300
104311 607822
104311 607822
104311 607822
609636 104300
107741 104310
600759 606889
602096 104300
300391 301200
150310 104530
606585 104500
606585 204650
601259 616270
611062 204690
147558 616221
603767 204700
604629 612529
613214 613211
614829 614832
609840 615887
611927 130900
600525 104510
104620 609924
604402 609056
107680 105200
137350 105120
134820 105200
176300 105210
601743 105250
609510 613955
153450 105200
147450 105400
605078 612069
609390 612577
602432 613435
601023 613954
300264 300857
609512 614696
176610 614808
600543 615515
606352 205100
164017 615426
164015 606070
191110 616208
608465 602433
610844 602099
137070 608030
605704 608627
105850 611895
604061 162100
103600 616000
157660 607095
600681 170390
313700 300068
313700 312300
305371 300835
180297 268150
606224 266120
600523 206100
301300 300751
610819 205950
300135 301310
601623 105830
610619 610618
606860 106100
120130 611773
607108 106210
610573 206800
601653 113650
601094 107250
602669 107250
124015 201750
176943 207410
160745 132900
102620 611788
600922 613780
176894 615436
601103 616166
190198 109730
602931 614823
176943 101200
601094 610256
138945 607485
602115 180920
602667 609135
170280 609135
107720 614028
614232 218030
608313 207800
608310 207900
107910 613546
107910 139300
107930 608643
190230 107970
125671 610193
125645 610476
125645 610476
173325 611528
180902 600996
612048 604400
125647 607450
602861 609040
607667 615616
173335 208000
603234 614473
606145 208050
190990 108120
191043 601680
160794 614335
160720 193700
160720 601680
190990 601680
613629 114300
613629 108145
605896 615065
160720 178110
603371 611890
608552 208085
613401 613404
603400 208230
600692 601680
311850 301835
108370 615574
138180 614419
613228 208400
150370 271400
604895 208550
600415 277460
608179 601238
606350 208920
609144 609033
614649 608984
613669 613672
604581 614487
611317 615217
605610 616267
607585 208900
600814 604391
606718 256050
603381 108720
603381 108721
142955 601536
605010 147050
190000 209300
600163 614022
121013 614049
601439 614050
600235 615377
601327 615378
608214 613120
608256 611819
607542 607554
603796 611493
108780 612201
176267 612240
600681 613980
600576 607941
160710 614089
606061 611363
102540 612794
606742 613087
600584 108900
602937 614433
601656 614475
108780 615745
121013 108770
602302 209500
121014 600309
600576 614430
601656 614474
607170 606217
600712 616580
614567 609129
603681 601071
614427 607842
139370 602483
600810 614669
131240 615706
102582 615952
606409 613385
134637 601859
134638 601859
601762 603909
176977 615559
123890 616100
607358 240300
606831 616050
600220 614878
177046 256040
191163 616744
120140 608805
601542 180500
601090 602482
177075 601088
607210 616452
615115 615485
603780 218600
602617 241850
602876 251290
601728 153480
102630 243310
102560 614583
607556 209885
209901 209900
610148 615987
610683 615989
609883 615990
613524 615993
606568 615994
606151 615981
608845 600151
600374 615982
603650 615983
604896 605231
607590 615984
608132 615985
607968 615986
170260 604571
601962 604571
170261 604571
600005 209920
601863 209920
601861 209920
601863 209920
614215 614266
610635 614266
153622 614266
121011 149200
300394 302060
600839 601678
600359 241200
602023 607364
606412 602522
602024 613090
602023 613090
601309 605462
603673 605462
139150 605462
601309 109400
603673 109400
607035 109400
158378 213600
173410 615007
190040 615483
605237 616413
134370 126700
610197 616449
176943 123790
615403 613680
300377 300376
600856 130650
103280 130650
616186 130650
604115 130650
606681 130650
176943 614592
606672 231200
606672 153670
138720 231200
173515 231200
607854 611809
606673 613161
120220 158810
120240 158810
120250 158810
120320 616471
608614 210370
608944 608980
601295 613291
607764 607765
604741 235555
603711 613812
604489 214950
609019 253260
605874 612292
607273 135150
603647 262000
134934 109800
190070 109800
614041 109800
605956 186580
600845 609821
605546 614201
102575 615193
607759 187800
173470 187800
604383 187900
600515 609821
605597 110100
605597 110100
600599 111150
604610 210900
300822 303700
300821 303700
612990 605039
602122 614675
615667 615715
300131 300910
603381 112310
300414 301900
132890 615722
142955 601536
180090 607475
603197 215470
611531 211180
601205 608389
600726 112500
601146 615072
112261 112600
603248 112600
601146 112600
602337 113000
602991 611377
601146 113100
142989 113200
142989 113300
168470 613382
603005 612847
605427 113500
604067 608415
607814 608415
120130 607595
611731 175100
614901 614923
107580 113620
601653 602588
601653 113650
600963 610896
605100 114480
191170 114480
605882 114480
164730 114480
190070 114480
171834 114480
606837 114480
602631 114480
601387 114480
612078 229200
614161 614170
108730 601003
600760 211400
600228 613021
600761 613071
605018 605041
613350 211530
607882 614707
607063 259450
601865 609220
600163 601144
611778 611777
114205 611875
600003 611876
600235 612838
604433 613119
608214 613120
605206 613123
605411 616399
309850 300615
190080 113970
611595 608572
607844 166700
606037 211750
120550 613652
120570 613652
120575 613652
613785 216950
120580 613783
613927 217000
120700 613779
120820 614379
120810 614380
120900 609536
217050 612446
217070 610102
120950 613790
120960 613789
120940 613825
191030 609284
190990 609285
182350 601338
602194 600142
134934 610474
186910 608957
608892 214800
300275 308050
605947 280000
604417 616368
606416 607115
300275 300831
171834 612918
612013 216360
610937 216360
609884 216360
605490 600373
120353 606963
600650 608836
600528 255120
600650 600649
308840 303350
120150 114000
129190 211800
608160 114290
608160 114290
604283 208250
190180 131300
608034 271900
607212 212050
606264 613108
610925 616445
139150 608354
600998 163000
608307 237300
603103 212070
602690 114900
106410 600919
600235 612838
300017 314400
604272 604377
603646 615119
614772 616501
190070 615278
176872 615279
601263 615280
164757 115150
150330 115200
102573 612158
125671 612877
605906 601493
613121 613122
191045 601494
613171 613172
600163 601154
160710 613252
191044 613286
188840 604145
600857 613642
603883 613881
125660 604765
123590 615184
603550 605362
600133 615235
608517 615248
601411 606685
605557 615373
600958 615396
164760 615916
601439 608569
172405 609909
102540 613424
160760 613426
104311 613694
600759 613697
193065 611407
607440 611615
191010 611878
191040 611879
300377 302045
125647 605676
601253 192600
188840 613765
191044 115210
191045 612422
608517 615248
602743 600858
160760 192600
606566 192600
160781 608758
102540 612098
600824 612124
191040 613243
160710 613251
193065 613255
605602 613838
605267 613873
172405 613874
191045 115195
613121 613876
608517 615248
102573 612158
605906 601493
604488 607487
191010 115196
600958 115197
191044 613690
160790 608751
160741 608837
188830 160980
603377 212140
613698 212138
601487 609338
176300 115430
604267 614976
606144 201000
157660 250250
600897 116200
123610 600881
602669 610623
602669 610623
603212 611597
600429 116700
121015 601885
154050 615274
123590 613763
600929 611544
607182 610019
154045 615277
123680 604307
123730 116100
177075 610202
123630 609741
123631 610425
123620 601547
610897 605387
603307 611391
611258 613887
610345 614691
123670 615188
123690 115700
300457 302200
600909 616509
602438 116800
176946 116600
123580 604219
607108 106210
611910 612018
616146 616145
610132 600145
604214 116860
601807 611543
604270 212780
180901 117000
600837 209880
100790 209880
113505 209880
131242 209880
164761 209880
603851 209880
615950 615959
609948 212840
114815 613227
117700 604290
126375 604121
614218 610185
611501 614756
192977 224050
604902 616202
604312 105150
104760 605714
176640 137440
600276 125310
602194 616779
609118 603285
604214 116860
607929 603284
300036 300352
601240 612736
602360 612718
604202 609528
607704 612900
182282 117650
609413 214150
126340 610756
133530 616570
126380 610758
613129 612199
606530 213700
600722 256730
116840 610127
138945 614706
603539 615362
607998 204500
607042 204200
611203 162350
608102 256731
606725 601780
611124 610951
607837 600143
607837 610003
606725 204300
134934 603956
604780 275630
601601 169100
311850 311070
600112 614228
602195 606595
606598 607831
608014 608673
602378 606482
601065 613287
600502 616155
156560 616280
142810 616625
610844 616668
616661 616688
606598 607706
602378 606482
603623 608323
159440 607791
610982 614455
610863 615185
142984 192950
611101 615376
602072 616039
606598 608340
601097 118220
159440 118200
603795 601098
129010 607678
601097 118300
162280 607734
608507 609260
602298 600882
150330 605588
600287 601472
162280 607684
159440 607677
159440 607736
614141 615490
601023 616687
606598 214400
603557 601382
607697 604563
603560 615284
608206 601596
605262 601455
605725 614895
611104 609311
609390 611228
185620 616684
304040 302800
610933 614436
606897 214500
602104 118400
606609 610448
603155 613611
603201 605479
602397 243300
602397 147480
171060 614972
602397 211600
603201 601847
171060 602347
607709 615878
613497 278000
605145 118600
300205 302960
300180 302950
614010 614078
168468 215045
601146 200700
608177 215300
601574 612237
600542 612237
600635 118700
605978 200150
600635 610978
179605 613105
191170 260500
300390 303100
615538 615538
600662 613443
609168 616201
608512 233700
608515 233710
300481 306400
608508 233690
609245 604213
607690 246700
604366 244400
612517 612518
612647 612649
612648 612650
613190 613193
613798 613807
613799 613808
610062 614017
614677 614679
614864 614874
614930 614935
614566 606763
615038 615067
615288 615294
607070 615444
615408 615451
609314 615481
608706 615482
615494 615500
611088 615504
603395 615505
607752 615872
603335 608644
615956 616037
600236 616369
615876 616481
605178 616726
610812 608647
607421 610852
603339 611884
605483 612444
607456 604901
148070 215600
148060 215600
603470 215700
603859 603471
603859 605814
600644 225060
300307 303400
191339 119540
609132 616728
600211 119600
600211 119600
600211 119600
124020 609535
602149 119800
609412 216400
609413 133540
600664 613630
609825 607426
607429 614651
610564 614652
606980 612016
612837 614654
614647 614650
612898 616276
300075 303600
607817 216550
604237 272430
607672 610313
173335 615522
176790 112240
607186 616294
607108 120430
607108 120200
606608 120433
606608 120433
600079 114500
600925 114500
604289 114500
300821 303800
300822 303900
613522 190900
604933 132600
191170 114500
609309 120435
120436 609310
600259 614337
600678 614350
190182 614331
604395 614385
185535 613244
164730 114500
611731 114500
604025 114500
600040 114500
602860 114500
116806 114500
120470 114500
604258 114500
602700 114500
134934 114500
607273 114500
159350 114500
604395 114500
164790 114500
604584 114500
171834 114500
190315 615182
176801 611721
179615 233650
179616 233650
601567 227300
609708 144250
308380 312863
614245 614265
606639 609060
614667 614702
614917 614922
612799 614924
610316 614932
611592 614946
611766 614947
605367 615440
615564 615578
609204 610498
612802 615917
608536 616198
612803 616239
611023 616539
612800 616672
611037 616794
604723 610505
602389 610678
605810 611719
300169 300816
613541 613559
612035 614096
607118 614582
606860 120790
134350 613912
134370 609814
217030 610984
600827 613093
600364 602093
607292 610283
610362 610381
604365 612657
605446 608194
600364 602093
609502 613660
614477 614500
612994 615374
612268 615860
614784 615973
613360 616502
601691 604116
608921 600977
600179 601777
606629 603649
602713 612775
604392 604393
312610 304020
300110 300476
602225 120970
608965 610427
604613 143400
602421 277180
604927 604168
603690 614482
611549 616266
610661 615273
602616 212066
601336 606056
605881 266265
137060 607091
606978 608779
605634 603585
606973 611209
606979 611182
606821 613612
606976 613489
614726 614727
606977 614576
314375 300896
608732 616721
601785 212065
154550 602579
604566 603147
608750 601110
603503 608799
604041 609180
607144 607143
608103 608104
191350 608093
605907 608540
606941 608776
610746 610768
611908 612015
605951 612937
613666 613661
611715 612379
300776 300884
171900 614921
603564 615042
107773 615779
300265 306955
605101 614980
190020 218040
300017 300048
611693 615237
602054 217095
611770 217095
600584 217095
612570 121050
614386 602066
612732 121300
603288 217300
601692 607541
120252 136800
602272 613267
610206 613268
189909 613270
615496 615523
601692 121900
601692 608470
611632 121800
601692 602082
125255 610048
601692 121820
137290 204870
601692 122200
601692 608471
120252 609140
605020 122000
189909 609141
610206 217700
610206 217400
609414 121850
605158 269400
608667 122470
300040 300590
606062 610759
606462 614701
300269 300882
300139 300472
308840 304100
602661 614039
604593 615282
602591 615411
191135 615412
615101 615763
191130 615771
604569 610042
604349 614115
122500 611489
138090 604931
600713 614662
190020 218040
122720 122700
604127 260660
300169 310490
601728 158350
185470 612359
602690 615106
612105 615107
171834 615108
164730 615109
605740 122860
606045 218330
613602 613610
614068 614099
605020 614195
614123 213980
606597 122880
176943 101600
300035 304110
610511 607812
605145 123000
121014 218400
601688 259100
600480 615314
611888 600775
600470 616602
600939 614188
605207 614416
185900 185900
601622 123100
123101 604757
601253 123320
176640 123400
191740 218800
191740 606785
134934 612247
176943 123500
109270 185020
146738 219050
165230 615849
142994 176450
601639 615830
130160 123700
604580 614434
138250 616603
604580 219100
604633 614437
604710 613177
611716 219200
179035 612940
138250 219150
179035 614438
142250 613977
605018 132700
607657 219500
602421 219700
606272 219800
606272 219900
606272 219800
606272 219750
104614 220100
604144 220100
120140 609162
147650 613657
609186 600721
601860 261515
610516 220120
613577 220500
309060 300257
108740 124200
609413 278800
606718 256050
613577 614617
609681 221200
311850 304500
300039 304400
300226 300066
300169 300614
602121 124900
603550 601316
276903 601317
120290 601868
602460 602459
160775 603622
102560 604717
600970 606346
600970 606346
601205 605192
607557 605583
608576 608641
603537 600101
603324 612644
606706 606705
125485 605594
121011 601544
604418 612643
123740 616357
600844 608224
608568 600652
608798 600994
611606 613074
187380 615629
606201 600965
605219 614152
613577 616044
606731 616340
602574 601543
603196 601369
605516 601386
608792 601869
606440 603720
605242 602092
604487 614945
121011 220290
604418 612645
276903 600060
602574 603629
607038 607039
605514 609533
179410 611022
613283 613285
609761 609823
605608 614035
602666 600316
606808 607101
607928 607084
602167 608565
606351 609006
600970 607821
142409 608265
605646 600791
609739 609646
605564 609439
610572 610153
120290 609706
610219 610220
607237 600971
612414 611451
609427 610265
606706 600974
610316 614934
613719 613718
615535 615540
613072 613079
613354 613307
605511 601072
603317 613391
614925 614944
601421 613916
603681 601071
607314 614899
612920 614861
164950 610706
184745 616697
604418 220290
603324 220290
300398 300475
602754 616689
611184 194380
129010 145900
159440 145900
601097 145900
605725 145900
141900 141749
163890 127750
602569 127750
603904 176500
603904 117300
609512 600795
104311 600274
157140 600274
300535 300555
300008 300009
602090 601216
607462 125370
607223 125400
125485 125420
125485 125490
125485 125500
607102 194080
190040 607907
148066 125595
615049 616708
613165 251450
608124 615777
611731 135290
606418 602398
602054 188400
107777 125800
300538 304800
192340 125700
176730 125852
142410 612520
147670 610549
610192 610199
600509 125853
189907 125853
138079 125853
600509 606176
138079 606176
176730 606176
600937 606176
600509 610374
612192 601410
600937 610582
167413 125853
164731 125853
600937 606176
603685 606164
603474 105650
603701 613309
603633 615909
180472 612527
180468 612528
603634 612561
604175 612562
603658 612563
603632 613308
602412 610629
608699 608022
603693 610187
156540 112250
126650 214700
605124 270420
604882 610370
185535 613217
601330 614616
606718 222600
606718 222600
133550 222730
605427 606835
601688 119900
238331 246900
612779 274270
613326 222748
125647 615821
605849 605850
124015 613571
600073 222448
609312 223360
602880 217095
148040 179850
607491 615327
615618 615696
601548 126600
182389 607208
601146 228900
118423 604356
607343 607323
601107 237500
300377 310200
611045 612541
607461 223800
603722 223900
146920 127400
605452 615402
610512 224100
600599 613673
607465 224120
615626 615631
134820 616004
134830 616004
134850 616004
300126 305000
602322 127550
604319 613990
608833 615190
606471 224230
606470 613987
612661 613988
608833 615190
604212 616353
600293 606703
173350 217090
176930 613679
142461 224410
603424 612067
142622 224500
610110 615034
139312 615073
616386 616398
120250 616411
602662 128101
609520 602629
138140 601042
600225 128230
182125 612716
605204 128100
604149 159900
182350 128235
313650 314250
120120 226600
120120 132000
613146 614303
300451 305100
604095 129490
604095 224900
606603 614940
606603 614941
604418 129500
142983 189500
602767 602032
142976 614931
164008 612132
114021 225280
300248 300291
609607 613573
608576 616029
601975 604536
300248 300301
610113 225200
134797 129600
610113 225100
603273 604292
123930 614546
600985 606408
614505 614557
120160 225320
120215 130000
120190 130000
120150 130000
608429 601776
604327 130070
615291 615349
120180 130050
153454 225400
120150 130060
120160 130060
604539 225410
168468 600002
130500 611804
182860 130600
604831 225500
607261 225500
137295 614038
300384 310300
150330 181350
150330 616516
608441 612998
608442 612999
300163 300696
612048 614302
107400 613490
107400 613490
603850 614388
602445 604218
300005 300673
606158 615924
612325 612651
600678 608089
192090 608089
600887 608089
601728 608089
604485 268100
601093 600791
602208 600791
606635 226200
164790 162900
605828 226400
605829 226400
120120 131750
120120 226600
147557 131800
120120 604129
601282 226670
601282 612138
148066 131760
148040 131760
148066 131900
148040 131900
601282 131950
148066 131800
148040 131800
113810 615425
148066 601001
148040 601001
148040 131960
600805 226650
600805 226700
150310 226700
150292 226700
113811 226650
113811 226650
147557 226650
150310 226650
150292 226650
147557 226730
147556 226730
125647 609638
612878 615028
120120 131850
139350 113800
148080 113800
148040 609352
313440 300491
614191 604364
604619 600512
609562 614417
138253 245570
600235 604233
182389 604403
137164 611277
603415 613863
613940 616577
104260 607876
118504 600513
118507 605375
608167 615005
118502 610353
601145 254800
608500 612437
607566 254780
608072 254780
611725 611726
602257 254900
608501 613832
604027 614018
176258 616187
107323 266100
602119 615369
300382 308350
182390 613721
607120 613722
600702 614558
608167 614959
606494 615006
613577 615338
139311 615473
615463 615476
137160 615744
300203 300672
615730 615859
602780 615871
608305 615905
600397 616056
138252 616139
605131 616211
601065 616339
609302 609304
605705 616341
602377 616346
176262 616366
602959 616409
606726 616645
147520 616647
602926 612164
182810 613477
602235 613720
300429 300607
300460 300088
108961 615923
600310 132400
120260 600204
120270 600969
606718 226900
602109 607078
120140 132450
601011 108500
601949 613855
600111 612656
176260 160120
614386 128200
604427 615551
604385 615552
604775 615040
113811 122400
300777 300872
160775 153650
603415 133020
600682 245340
613896 222800
608537 263400
606425 609820
603349 611783
147796 133100
605093 133100
125670 615508
121014 133200
603324 133200
605425 133200
100730 265000
604050 133239
190182 133239
120470 133239
604242 133239
604767 133239
606551 133239
605131 133239
133430 615363
608451 602473
133450 612219
607976 612714
608177 133700
608210 133701
604579 133780
300658 305390
603506 601813
613138 613310
300017 300321
300172 300422
174762 615139
300644 301500
300644 301500
142968 614744
607788 613625
612309 227400
613878 227500
613872 227600
264900 612416
264900 612416
610619 234000
134570 613225
134580 613235
168468 125350
608107 134610
608107 249100
602656 616415
609648 611762
600220 614468
606416 120100
607139 227650
300515 300514
613899 227645
600185 605724
613984 227646
613976 600901
613897 603467
602956 614082
611360 609053
605882 609054
608111 614083
610355 610832
602774 613390
613278 613951
133520 615272
610538 616435
182309 613388
600281 616026
138160 227810
613468 228000
614982 158901
600890 609016
305900 134700
613350 211500
609562 614418
182389 604403
603415 613863
137164 611277
160775 153640
609415 614326
164840 164280
601296 208150
601592 208150
142200 141749
142250 141749
120280 228520
120290 614524
102576 135100
608283 135700
602753 602078
602661 600638
608283 135700
610004 616219
616174 272440
606967 136120
229000 612423
611421 136140
605284 607341
300651 305600
607556 227260
608428 614974
616027 616032
609720 616220
611672 229050
607108 136520
615585 609218
309550 300624
309550 300623
613293 249420
607830 219000
608945 219000
604597 219000
607102 136680
606829 229300
606829 229300
300017 305620
606014 136760
605420 613451
614260 105550
615903 615911
601530 616437
604834 616439
138945 607485
605078 612069
612724 229600
611570 229700
612280 230000
136836 613852
601570 228930
136850 606812
601617 136880
180090 136880
601691 248200
137150 613163
606410 230740
138140 606777
138140 612126
611458 230500
611458 230600
611458 230650
613109 272750
606869 272800
603647 603358
604313 230200
606953 230350
606999 230400
613111 256540
171060 600803
605460 611465
616144 251300
611731 175100
192090 137215
190070 137215
611731 613659
601762 613659
164870 613659
176943 613659
147575 613659
602053 613659
604933 613659
171834 613659
609332 243150
185470 606764
602413 606764
164920 606764
173490 606764
176801 610539
606463 608013
606463 230800
606463 230900
606463 231000
606463 231005
608630 607313
612277 231050
134797 614185
600150 609446
601485 616172
605880 606170
164920 273300
607983 231070
176640 137440
274180 231095
605379 256850
138720 231200
607108 206700
600968 263800
607759 273800
173470 273800
608148 612313
162662 613100
602432 137760
615054 603383
609669 609887
601652 137750
602091 613086
601771 231300
164870 137800
191845 609886
135600 601894
604638 603278
603652 603965
604241 607832
610982 613237
601479 614131
167409 616002
601749 138000
609196 607398
607878 614736
607397 202200
138040 615962
182380 606824
606806 229100
138290 610015
608053 231680
130410 231680
231675 231680
609187 231690
608801 231670
601002 266130
300474 307030
606628 606664
238310 605899
238330 605899
238300 605899
138571 240600
138570 611556
606800 232300
610860 232400
610860 232400
607839 232500
172471 613027
613742 232200
602671 232220
602671 232240
613741 232700
610681 232800
612931 261670
150000 612933
103850 611881
602743 261740
300798 306000
300798 306000
610273 610293
608662 166260
606241 138800
609367 609460
311850 300661
615292 602361
601488 613960
614169 139090
600024 215140
165240 175700
160777 214450
603868 607624
606526 609227
601802 182230
601898 615925
139250 262400
139250 612781
139191 612781
139250 173100
604260 245590
600946 604271
147440 608747
610966 612938
142959 176305
613349 258870
606157 607236
600046 604091
600890 609016
613898 246450
600234 605911
308000 300323
603415 243000
100790 209880
604384 169600
602365 245010
600275 102500
606195 611174
142959 140000
612732 121300
608893 234500
136350 615465
609695 140350
603273 106260
600163 113900
600163 113900
150330 610140
602136 234580
601498 616617
141850 140700
141800 140700
141900 140700
611386 615873
136352 602089
191306 602089
120070 141200
141250 614034
613609 235200
608374 602390
606464 613313
604720 604250
604653 606069
141800 613978
141850 613978
305900 300908
103000 612631
606857 230450
138320 614164
601002 231900
142600 235700
190450 615512
107271 612300
172400 613470
170280 603553
608897 608898
605014 603552
601717 613101
300841 306700
300746 306900
606871 613730
107400 613490
117700 604290
612753 235510
612411 616006
142410 142330
151670 614025
604457 235550
611731 114550
604584 114550
191170 114550
164860 114550
603816 114550
601763 114550
116806 114550
147280 114550
171834 114550
608507 601152
602498 604484
605427 606071
141900 141749
604982 203300
603401 608233
606118 614072
606682 614073
607521 614074
607522 614075
607145 614076
609762 614077
604310 614171
300265 306955
605194 605376
602730 613751
601265 270100
614759 614779
608416 616749
300017 300049
300017 300537
600423 613870
123810 612160
602782 602782
612373 602782
609018 253270
608707 614226
603714 157170
600725 142945
602630 142946
603073 609637
601309 610828
165230 610829
601620 142900
607093 236250
613381 236200
611935 277410
602568 236270
156570 250940
613004 143100
176640 603218
605268 606438
150330 176670
608041 228600
609661 231090
611687 614293
300382 300215
308840 307000
308840 307000
308840 307000
603785 615219
611204 236600
610693 236680
251170 260920
102582 147060
611432 243700
600734 613677
118470 143470
114761 615751
613815 201910
604843 237450
605495 237450
191740 237900
109750 614156
126065 143880
605748 115300
603263 143860
602938 607748
132810 607748
607709 607748
107730 144010
606945 143890
607786 603776
605747 603813
606368 144650
138492 614619
604159 614618
138491 149400
173490 607685
134790 600886
173370 612348
608331 138500
608893 138500
605616 138500
600509 256450
600937 601820
138079 602485
601609 609975
147670 609968
600682 610021
138130 606762
603967 170500
604214 116860
612757 615947
608083 207750
605113 238700
611146 613280
102750 614300
180960 613752
610550 250850
603861 238970
603506 144750
604285 259900
604296 260000
613597 613616
607393 145000
601199 239200
607393 145001
612719 261640
600225 233910
612676 261630
126090 264070
610274 239300
614730 614749
615187 614207
611801 615716
610662 616809
184745 145250
176730 616214
606810 239500
606811 239510
123805 112410
600983 605115
601699 145500
603372 603373
603372 609152
601439 239850
138420 614480
601688 259100
601460 614441
612804 613845
191845 162000
179820 613092
124080 203400
124080 610600
107680 604091
107730 615558
604774 605019
139313 615361
601199 601198
601199 601198
602242 600740
601199 145980
139313 145981
134934 146000
134850 616004
134820 616004
134830 202400
134850 202400
600509 240800
300836 308700
162330 614839
162332 614840
606417 614858
607984 615266
606807 615267
602748 615269
136350 147950
603725 615270
604808 615271
613301 616030
152780 228300
136530 229070
607123 244200
607002 610628
608892 612370
600483 612702
138850 146110
604161 614837
608137 614838
164731 240900
114208 170400
603967 613345
607009 602014
601814 154020
603959 248250
131530 611718
610036 248190
607803 613882
607803 616418
603084 615281
603667 612949
168450 146200
168450 146200
603716 146200
131320 146255
604934 241410
171760 146300
171760 241510
171760 241500
609826 241530
300008 300554
600980 241520
300550 307800
605380 193100
173335 613312
121014 241550
600584 614435
605522 188740
176930 613679
313700 300633
300120 300758
188540 275100
300137 300888
600584 225250
167415 218700
603372 275200
190120 614450
611549 615419
612636 616801
616735 616816
607479 605389
128260 615059
603636 615885
602593 146520
602302 146550
607892 607903
607365 604379
609239 278150
114021 601553
601618 607823
601618 137940
606142 612076
607096 220150
121011 602540
300294 308205
600856 614732
606883 607676
607343 147750
600194 146800
139350 146590
604194 608649
135940 146700
148080 609165
300747 308100
607800 242500
190195 242300
612121 615024
606797 602400
603741 242100
607206 606545
607800 601277
611495 604777
609383 612281
615022 615022
613924 613943
615276 615023
139350 607602
148080 607602
603718 607626
605512 614457
608331 242600
608893 242600
605616 242600
605921 612783
607210 615206
604860 615468
602839 615513
603258 615592
186740 615607
186830 615615
186830 615615
186790 615617
146740 615707
137295 614172
172100 615816
123860 615897
600899 615966
107470 209950
107470 615978
147569 614889
161561 614890
601604 614891
600555 614892
600555 613796
600555 614162
601565 614893
601565 614894
300248 300636
300481 300645
176941 611521
171833 616005
147571 616126
603122 616433
147730 606367
602943 616622
109700 241600
600556 616636
190010 616740
186880 615387
605000 615401
610277 612782
610389 610798
604973 613860
164050 613179
191525 608106
605257 605258
109535 606843
300386 308230
300715 300853
604558 607594
164012 615577
164011 616576
604907 240500
107265 613493
606269 613494
112210 613495
186845 613496
120650 614699
606453 614700
300248 300584
605383 615207
602900 242860
614064 614069
300292 304790
604907 609529
601023 167320
300248 308300
100850 614559
608025 616483
603604 256600
608625 616263
602457 613759
608212 612278
123889 612567
146933 613148
603415 243000
191315 256800
176640 600072
601487 604367
600917 604367
147370 270450
147679 612852
156560 615486
605025 614748
613534 614817
300017 300048
609342 261000
606883 610799
300248 300640
601090 601631
601542 137600
601090 601631
609862 206200
601719 147891
604773 611283
607036 243500
136350 123150
176943 123150
607805 217080
604124 251255
300356 311150
176261 612347
607542 220400
605981 243800
613037 213300
300170 300804
611254 200990
609863 614173
614423 614424
610523 614464
614459 614465
614571 614615
613847 614815
604557 614844
613277 608091
614949 614970
611654 615636
610178 616490
613846 616654
616690 616781
607100 609583
610142 610188
609884 610688
610937 611560
608922 612291
612013 612285
608894 608629
601299 174900
600993 175050
611192 148050
602113 147920
300128 300867
611715 612713
104170 609242
147200 614102
608047 244450
604934 244460
615292 127000
600877 614098
607108 148190
121011 148210
605020 148300
614888 148600
121011 148350
300294 308800
613386 601952
125670 148700
125647 612908
139350 607654
171834 182000
154870 245150
607900 173650
180901 145600
607001 610253
601147 118100
600147 214300
606522 613702
607295 616549
120140 156550
120328 267750
614574 226750
612452 610443
173410 616592
139250 262650
606890 245200
176801 611722
610513 606693
609584 236792
134790 615604
602115 149730
176943 149730
134934 149730
600890 609016
606945 143890
176876 151100
164760 611554
164757 613707
601837 606593
603202 223000
601806 223100
608769 245349
604975 616803
312865 249700
400020 249700
600946 262500
603381 150250
600805 245660
600276 130720
602286 607330
605522 135750
600179 204000
610142 611755
146690 613837
180040 610612
608830 612712
604863 613341
602280 613843
603208 614186
601147 615360
179605 608133
180069 204100
609868 604232
604392 604393
611408 604537
605446 613826
602225 613829
604210 613835
608700 608553
601239 604169
600958 615396
605906 601493
102540 613424
160760 613426
191045 601494
608677 615092
605557 615373
191010 611878
120140 150600
609291 611431
603646 256000
602125 256000
614530 256000
613622 256000
602137 256000
603834 256000
612392 256000
603846 256000
602141 256000
603647 256000
609653 256000
602694 256000
601825 256000
600857 256000
607544 220111
185620 256000
600698 150699
136850 150800
612792 151050
147670 246200
312865 127300
400020 127300
308000 300322
190151 607598
606102 611369
603371 253310
160794 614915
602378 615368
602346 616286
612243 616503
114350 613065
187040 613065
186855 613065
602667 613065
136351 613065
151410 613065
601402 601626
606681 601626
601768 601626
602409 601626
164920 601626
190070 601626
600700 601626
151385 601626
607083 601626
136351 601626
116897 601626
600618 601626
136351 601626
147796 601626
164040 601626
114350 601626
603025 601626
604684 607785
180240 612376
604260 102578
164009 612376
151410 608232
613113 607785
605370 607785
176876 607785
305371 190685
600065 116920
607901 612840
611893 616763
150340 169500
616406 616420
610060 616494
608549 616683
608803 608804
603605 260600
118190 612233
610531 610532
602662 612438
614258 607694
614366 614381
107820 616140
600570 615651
610956 611105
184755 613724
606686 603896
606454 603896
606273 603896
603945 603896
612944 612951
164770 221820
612035 615889
606687 603896
246530 614037
152790 176410
152790 238320
152790 238320
601728 158350
191170 151623
604373 609265
160760 160500
600760 177200
600761 177200
602149 186550
603273 603543
300056 309801
300403 300952
300885 300887
611761 246650
603100 608594
606158 269700
603198 613327
150330 151660
601487 604367
170290 613877
151750 615980
600617 201710
107741 611771
609708 238600
610284 616299
601545 607432
600514 257320
602529 611603
609449 614019
150240 615191
602703 616212
300382 300215
300121 300067
610230 613070
190181 609192
190182 610168
603109 613795
190220 614816
190230 615582
607542 192500
601017 612955
600734 613485
114180 616247
114182 616249
152427 613688
106410 600919
176261 613695
603796 613693
601253 611818
608256 611819
600163 603830
300535 309000
300188 309520
604050 211980
605082 211980
603113 211980
190070 211980
191195 211980
602631 211980
152790 238320
605284 606690
191092 606690
136352 153100
608803 613480
601528 615907
602402 153400
602402 153400
603517 137245
170280 605027
601762 605027
604289 605027
603615 605027
186973 613011
186711 615122
300490 308240
300079 300635
603593 222700
603066 612394
308840 303350
605102 613791
134797 604308
603531 609313
300205 300960
603200 209920
600281 125850
138079 125851
142410 600496
600733 606392
607047 109150
610222 613075
611358 614192
601728 605309
612655 248000
130620 153550
602170 153600
160775 600208
612901 613112
605294 217800
312610 300834
604312 611953
604580 608895
612570 616118
605080 248200
611124 616170
179605 169150
604365 608051
607854 153700
179605 608161
602870 616151
607056 616152
605519 609628
608520 608516
608691 608516
601728 155600
606761 248360
150330 212112
174761 615381
606480 608612
150330 248370
131243 616367
603892 610536
608944 248450
609458 248500
609489 248510
248610 248600
608348 248600
248611 248600
134797 154700
608005 248800
120280 154780
164005 602535
609275 212720
164920 154800
608181 248900
601724 606394
176730 613370
191305 613375
600937 616329
167413 612225
603301 610508
114840 609812
160775 155100
608455 232600
139320 174800
604896 236700
314850 300842
607102 608978
609883 249000
611951 614175
614949 615397
613277 603194
609884 607361
610142 611134
610937 611561
612013 612284
608002 267010
601330 614665
158340 174000
191845 603860
164761 155240
191315 155240
603673 155255
607035 155255
601687 122100
148043 122100
611642 613925
611642 613926
605908 604004
171834 602501
603157 603387
611223 615937
123833 615938
126060 613839
602997 261100
605799 261100
300350 309300
601902 224690
603056 613800
607213 613803
605525 613804
602627 613805
164790 137550
600160 155755
606119 248300
300017 309350
607844 155950
120520 614692
156100 607174
607379 607174
190040 607174
300011 309400
608771 616789
300172 300749
300560 300263
605515 613670
611379 136630
300522 309530
300160 300958
300395 300957
300075 300844
300206 300143
300382 300419
300019 309541
300142 300558
300104 300849
314998 300498
300267 300436
300096 300210
300157 300387
300774 300271
300499 309549
300189 300850
300553 300659
305915 300699
313475 300802
314990 300803
300524 300912
300072 300919
300546 305400
300629 304340
300231 300243
300005 300260
312180 300860
300646 300799
300697 300706
300427 300495
300806 309548
300105 309583
300005 300055
300298 300676
300304 300354
313650 300966
314690 300534
300127 300486
313430 300123
613667 613671
611472 156200
602911 614256
614556 614562
600112 614563
603024 614607
601607 614608
603254 614609
607492 615009
614998 615074
116806 615075
604167 615502
615743 615761
602635 615828
607270 615834
611060 616078
114019 612580
608668 616083
600473 616158
601408 616268
126141 616311
604677 616351
601646 616355
605983 616362
602959 616393
613084 616521
607761 612581
616327 616579
603384 612621
138252 613970
600855 614104
138249 614254
601255 614255
600898 615866
606709 249500
606494 611090
611966 613192
610057 614020
604346 614202
605042 614249
609262 607417
610350 614340
610055 608443
603454 614499
615162 615162
615302 615286
605837 615516
614426 615541
604912 615599
615620 615637
615262 615942
600853 616116
606373 616193
610299 616269
610916 611091
605238 616739
601385 611093
138244 611092
600662 613443
613037 610156
300172 300422
300032 309580
124020 609535
607102 156240
300827 309630
176876 156250
176801 249900
607574 250100
600108 602111
120361 613073
168468 156400
120110 156500
600211 156510
157660 250460
605427 156530
613213 250800
613213 250800
613218 250790
610550 250850
603178 614105
609831 277400
611935 277410
612625 277380
603214 614857
606475 613646
611935 277410
609058 251000
607481 251100
607568 251110
608419 251120
251170 610377
601428 210710
605925 210720
607117 251200
614397 616486
613583 604317
608201 604804
609173 604321
605481 608716
609279 608393
181590 612703
613529 614852
610053 251270
605031 616171
609610 616335
148760 152950
606521 607196
609382 614231
603810 613668
603727 615760
605610 613402
616013 616033
613257 616817
606247 614261
607512 615458
607854 193220
142993 610092
600725 611638
606522 613703
601147 613703
608488 206920
142993 610093
601881 611038
601147 613094
606227 611040
613858 613517
606522 613704
600463 615113
180250 616428
605452 614497
610745 601186
180220 615524
604357 615877
300485 300166
184429 206900
600037 610125
112262 607932
610745 601186
602091 251750
606540 251850
182340 602481
601011 141500
601011 141500
182340 602481
182389 609634
126064 263750
180901 255320
120470 157600
179617 614508
120436 276300
609309 276300
600678 276300
600259 276300
612659 615710
131222 603041
615076 615084
103220 615418
605654 615471
188250 609560
601465 251880
174763 203700
174763 613662
603921 612073
137960 256810
606075 271245
604712 612075
604712 612075
611224 245400
612360 252010
611103 611126
613622 252010
300078 252010
612638 252010
606934 252010
609653 252010
612911 252010
611776 252010
603839 252010
157655 252010
602985 252010
603846 252010
602694 252010
603848 252010
161015 252010
600532 252010
613621 252010
612848 252011
602690 252011
603647 124000
613814 615157
191330 615158
612080 615159
191329 615160
123980 615453
616003 220110
602125 220110
614698 220110
124089 220110
614770 220110
603644 220110
612958 220110
608918 604273
612418 614052
608109 600462
600370 610773
614738 614741
174763 607459
600857 252011
602292 616277
603057 607829
603009 254130
608662 613319
300356 304700
603707 252150
603708 252160
603930 615501
602153 158000
601928 158000
600682 616095
608206 613353
615586 615703
602860 257300
607951 614114
605802 235730
139396 615750
102620 614042
606416 191900
607840 252500
607840 252600
607838 252605
605248 252650
605270 252900
300823 309900
612222 253000
252800 607014
252800 607015
252800 607016
611499 253220
609701 252920
610453 252930
607664 252940
611458 253010
611542 253200
134934 602849
120436 158320
609309 158320
605073 253250
603490 158330
608968 166300
120360 259600
606097 614080
311770 300868
610272 615398
613733 131100
164761 171400
164761 162300
600778 610755
176761 615554
606374 245600
608100 605711
613183 614299
615317 616370
100690 253290
100720 253290
100730 253290
607939 272200
602991 186500
601146 610017
102620 613834
311870 300559
601788 614160
156225 607855
150330 613205
600536 613204
156225 607855
612395 602541
604103 159000
150330 159001
611332 603511
610032 608423
607137 609115
114240 253600
603009 253601
608896 253700
600119 608099
600900 604286
601411 601287
604488 601954
602290 254110
188840 608807
608662 611307
601282 613723
614138 615356
601253 607801
606210 602771
607423 236670
605862 615041
615247 615249
605517 615287
615320 615350
607439 613150
606822 253280
607440 253800
606596 613153
603590 613154
614631 614643
128239 616538
610194 615181
614828 614830
607423 613155
615320 615351
607439 613156
606822 613151
603590 608840
606596 606612
607440 613152
607423 609308
615320 615352
607439 613158
606822 613157
607440 611588
606596 607155
614631 616052
128239 613818
138292 610542
610285 254300
601592 616326
191350 614750
607905 616228
603967 614198
120350 616720
100690 601462
100690 608930
100710 616313
100720 616322
100725 605809
100725 616324
100725 608931
603033 603034
118490 254210
600104 616040
103320 615120
601296 616325
612990 614286
605590 614286
612839 614286
159530 254450
109091 254450
147796 254450
605093 254450
121360 601626
606989 254600
173410 131440
600993 139210
613577 605021
137165 616421
605235 614937
173410 228550
605518 268200
602235 121200
600650 255110
102770 615511
605084 615673
611911 255125
300913 310440
300163 300696
102610 161800
102610 161800
612453 614399
612453 614399
602378 160150
159991 614408
614666 614807
601248 255200
102610 255310
606210 255310
191030 255310
102565 614065
601253 614321
603009 606768
188840 611705
610957 613561
600924 613076
125660 601419
123590 608810
604103 609200
605906 609452
102565 609524
603883 612954
123590 613869
160760 608358
160760 255160
188840 603689
604103 182920
605921 160565
610277 615883
114250 616231
614159 614167
615421 615420
104225 615431
608730 615946
604272 608908
610341 614292
603967 608390
118425 160800
118425 255700
605377 160900
116955 602668
300415 310400
126337 613488
188830 255960
608300 237310
607922 111400
148066 161000
603409 614157
602142 151600
602575 161200
300457 302350
606227 609549
191170 607107
605086 221770
604142 221770
615521 255995
602638 609981
173325 601214
191030 609284
616112 616165
161650 256030
102610 161800
190990 609285
191041 605355
613727 609273
601443 610687
615340 615348
607701 615731
300538 300539
300008 310468
182309 612286
604990 612287
607100 256100
609884 613550
612014 613820
608151 614377
604557 614844
614848 614845
615370 615382
615847 615862
605755 616217
243305 602088
608002 604387
607215 606966
608539 611498
613553 613159
608593 614809
602243 609057
602716 256300
602334 615861
607617 616730
604766 600995
608414 610725
607102 256370
150325 614199
600579 614196
601440 615008
601925 615244
615567 615573
603811 614008
605010 256500
606879 256520
610936 616038
610622 182940
600533 182940
603851 613013
156490 256700
164790 249400
136430 613068
300526 300894
606157 234200
603604 610217
134790 606159
614297 614298
609855 615643
133450 612219
613113 162210
613113 162200
607379 101000
613113 601321
180901 117000
601314 137200
608533 615575
600502 604320
608761 158580
129010 605253
159440 605253
608014 158590
602195 608634
606158 600794
600287 600794
601143 607641
142600 605285
610826 616505
605712 162400
605713 613640
605232 201300
613114 613115
162030 608654
604385 615548
616458 616488
606439 613708
126375 614116
609369 615632
601255 614213
610150 256840
604580 608895
601097 139393
601097 162500
609059 610717
130130 162800
600871 607847
130130 202700
600871 613107
605998 610738
611045 612541
610035 615285
616012 616022
300392 300299
602049 608203
134934 162900
171834 162900
180090 607476
600014 601358
607608 257200
607608 607616
607623 257220
607623 257220
601015 607625
300278 310500
604096 257270
603576 613216
603617 613830
614515 614565
615004 615058
300110 300071
180380 610445
180072 163500
139330 610444
602667 251260
604040 613078
603824 605820
131550 211980
147575 211980
171834 211980
176876 163950
600574 616564
190070 609942
182530 610733
164760 611553
164790 613224
164757 613706
609591 615355
601247 616559
165360 613563
602775 607721
300658 310600
606967 245900
300628 310700
300808 300814
300628 310700
186940 613949
162150 600955
176830 609734
155541 601665
604630 601665
164160 614962
601007 614963
601487 601665
603128 601665
300011 304150
608581 613587
300808 300500
142992 612109
121014 164200
121014 257850
602279 164300
171760 146300
606268 257980
300013 300855
181031 258100
180381 613411
300188 300895
604025 608615
603197 275400
607066 614594
605988 603554
179615 603554
179616 603554
124020 609535
604404 258315
164750 1p31.3
195000 615774
616768 616780
300552 300000
614140 145410
300188 305450
600829 258480
605290 165500
610502 616732
606580 165300
612988 612989
605290 125250
606326 212550
184429 206900
607108 165550
300461 311250
601912 613705
112262 600625
142983 608874
600644 225060
603273 129400
300170 311200
613847 258860
615464 174300
614571 277170
613891 258900
163970 604715
139320 166350
120140 604864
155760 165800
120150 166200
120150 166210
120160 166210
120150 259420
120160 259420
120150 166220
120160 166220
123841 259440
614757 610967
172860 613982
605497 610682
610339 610915
607063 610968
112264 614856
611236 615066
164820 615220
182120 616507
136350 166250
603499 174810
300647 300373
603506 607634
602727 166600
604592 259700
602642 259710
611492 259730
602727 611490
607649 259720
611466 611497
603499 612301
614780 615085
607844 166700
603506 259770
191170 259500
604373 259500
614041 259500
603506 144750
300017 311300
300017 304120
120290 215150
120140 215150
109270 166900
164730 167000
116806 167000
171834 167000
192090 167000
136435 233300
300247 300510
608665 614324
610098 616185
136435 608115
136435 276400
606454 603896
606687 603896
603945 603896
180297 185000
602229 609136
614095 261650
148067 167200
148069 167210
148041 615726
148042 615728
601530 167250
602643 239000
165240 146510
609595 610644
609595 610644
614610 616099
121014 104100
600442 600231
603357 615598
139350 144200
607606 144200
139350 600962
612315 615735
148067 613000
600733 260370
607194 615935
601656 600001
607194 609069
602216 260350
191170 260350
600993 260350
600160 606719
190070 260350
246600 614338
276000 167800
167790 167800
313430 312000
602365 245000
167409 120330
185470 606864
602413 606864
602690 606864
602690 168000
613019 601650
602413 605373
185470 115310
600857 614165
603967 168300
605427 168400
607393 145001
607393 608266
123101 168500
605420 609597
123101 168550
139150 608355
163890 168601
603604 612953
605648 260300
608375 615528
604297 615530
614334 616361
616244 616710
163890 605543
608309 605909
602533 606324
602544 600116
126455 613135
311770 300818
609023 118800
300382 309510
602593 270300
603805 609796
184600 607936
114090 616295
600024 169400
300401 312080
605646 274600
191190 142680
109760 614674
602365 170650
605371 608097
614184 267000
609751 264470
616107 616154
603164 614882
601789 614883
601789 614885
600279 614886
601791 614887
603867 614920
602136 214100
602136 601539
600414 214110
600414 202370
601758 614859
601758 266510
601498 614862
601498 614863
170993 614866
170993 614867
602859 614870
602859 614871
608666 614872
608666 614873
603360 614876
603360 614877
601757 614879
601860 233400
601119 614129
604544 615300
606075 616138
601143 168605
600957 261550
600956 261550
609875 221900
601656 217095
611770 217095
601771 604229
607108 604229
601542 604229
610308 261540
602216 175200
136350 101600
176943 101600
606230 606232
612349 261600
605995 171300
164761 171300
185470 171300
602690 171300
608537 171300
606879 601815
311800 300653
311850 300661
172490 261750
172480 614023
157140 172700
104311 172700
164920 172800
602150 172800
150325 609049
188830 610489
604961 610475
603390 614190
604210 172870
116806 132600
604569 610042
602272 610954
600565 614325
605555 219090
300393 300943
605555 102200
605555 600634
173110 613038
601538 262600
600577 221750
602146 262700
601802 182230
600037 613986
607211 173200
135600 614101
605910 615881
173360 613329
173350 217090
151385 601399
173510 608404
601690 614278
120140 151210
606241 601200
607273 173600
613276 604173
615584 615704
607575 615688
606702 263200
173910 613095
601313 173900
177060 174050
608648 174050
147796 263300
165240 174200
605522 174500
165240 174700
607839 263570
610924 615895
603942 616199
608626 611087
605742 613180
610436 614833
604110 606854
604110 615752
600286 616531
612850 610031
613599 612674
601299 610069
601299 174900
600993 174900
602168 607596
608755 277470
608753 612389
608754 612390
613009 613811
608755 225753
608757 615803
606489 614678
606019 616081
615850 615851
611524 611523
164010 614961
102771 615809
607199 119500
605706 263650
120130 175780
120090 614483
150320 615960
607622 175800
251170 175900
603236 614714
612107 616063
134629 616631
613521 176100
600923 176200
125270 612740
609806 176000
609806 176000
606938 263700
613521 176100
602117 176270
182279 176270
603856 615346
152790 176410
609397 609404
605236 614595
604759 270960
612399 616814
173410 601812
309550 311360
300603 300604
605597 608996
300247 300510
610934 611548
608697 612310
184757 612964
615684 615724
300108 300511
114206 615474
606352 606353
606025 259050
176640 606688
103220 609283
606075 609286
604983 610131
604712 613077
601810 615156
604123 616479
174763 157640
174763 258450
606936 604559
124020 609535
613230 170100
610865 225790
300383 312060
232000 606054
232050 606054
180435 601518
153622 176807
602053 176807
602686 176807
300008 308990
164730 176920
301300 300752
612386 177000
300382 300004
160740 605637
600310 177170
605573 264300
605452 609153
600983 177735
600228 264350
600760 264350
600761 264350
601844 614491
605232 614492
605775 614495
603136 614496
139320 103580
139320 603233
139320 612462
610540 603233
603666 603233
139320 612463
607306 264600
603234 264800
603234 177850
137167 610842
605507 614204
607211 602723
608241 614501
604217 265100
608833 616373
604212 616371
178642 178500
600799 178600
603295 615342
601047 615343
603220 615344
600799 178600
600799 265450
609280 234810
601105 265800
602170 612260
606347 604416
603287 610090
182860 266140
608786 266150
300502 312170
179060 614111
608770 245348
607031 614462
605993 608782
609712 266200
191840 601709
131240 612798
603780 266280
190070 614470
612688 611943
147670 262190
142958 605432
165215 616738
611061 259775
603273 129400
612041 612042
300163 300717
300163 300718
602026 266500
164761 191830
607273 144700
602773 144700
142410 144700
603046 144700
601982 144700
314310 300854
164860 605074
179755 605074
608537 144700
189907 137920
182381 233100
604063 191830
192132 267300
109270 179800
109270 611590
605239 602722
603345 604278
106180 267430
106150 267430
106165 267430
179820 267430
608002 208540
300463 309500
150330 275210
606480 275210
103020 267500
602192 615537
602867 614224
601190 610024
607604 610356
608171 610478
608752 605670
601691 248200
604863 613341
600037 610125
180250 615147
603937 180100
146690 180105
606419 600138
607300 600059
602280 600132
114760 600852
607301 601414
601691 601718
300757 312600
180069 613794
612424 602772
608381 608380
162080 613750
613596 606068
312610 300029
607643 607921
609507 609923
601664 610359
607292 610282
610598 610599
604485 611131
604705 613862
608400 613809
180380 613731
604365 612095
611119 612943
180071 613810
600342 613769
600724 613767
604526 612572
181031 613758
602275 613827
123825 613756
613425 613428
607056 613581
180073 613582
613598 613617
608172 613861
613979 613983
606397 614180
154235 614181
614477 614500
609502 613660
615720 615725
615757 615780
179605 608133
180721 608133
607795 615922
607386 616394
616454 616469
610453 616544
606151 616562
615407 615434
312610 300455
607854 613194
604392 604393
604863 613341
609868 604232
604210 600105
180072 613801
607854 613194
179605 136880
180380 136880
180090 136880
614041 180200
614041 180200
604579 133780
300839 312700
300005 312750
300005 312750
164874 613454
300005 312750
604319 268130
601607 609322
606597 268220
167410 268220
136533 268220
606241 180295
602631 268210
601757 215100
602744 222765
603051 600121
600414 616716
607883 615026
608713 600081
601769 277440
601090 602482
602880 208530
614506 614498
601542 180550
601253 606072
610657 220210
300859 300963
609353 268300
608546 268305
164975 180700
601365 616331
602337 268310
601622 180750
601428 616651
603780 268400
159440 180800
601097 180800
602700 613684
600140 180849
616086 616200
134934 616482
605880 603736
609353 269000
600173 600802
120140 183900
605427 184095
603490 611812
602208 612780
171833 269880
120140 184250
300708 300707
612374 615934
605113 268700
601397 615709
601622 101400
176943 101400
601622 101400
604322 604369
606873 268800
605956 609464
613420 181270
176943 609579
300163 300695
605427 181405
160760 181430
125660 181400
605283 615547
606622 242900
190020 163200
190070 163200
164790 163200
104170 609241
104170 609241
611060 269150
600035 269160
600725 269160
603714 269160
606271 181500
610804 269250
606268 224750
607379 162091
142461 255800
605740 269500
604270 614305
608663 262890
107741 269600
160775 605249
610226 610227
601215 210600
604124 606744
613529 613823
608684 614851
605958 616777
191290 605407
614386 605751
182390 607745
602235 121200
602232 121201
602121 616632
176947 269840
610345 212350
607215 606996
609237 609254
610142 610189
613524 613615
608151 616307
607380 616629
607100 266900
606412 602522
601802 182230
608958 102700
611290 611291
605988 602450
179615 601457
179616 601457
151460 608971
146661 608971
308380 300400
606977 615328
152427 609620
607542 609621
600681 609622
604594 615789
108961 616255
138890 602471
312865 300582
400020 300582
194363 616541
614783 614813
608025 614800
607386 615630
613363 615633
613446 616300
610178 616546
611177 611263
603297 613091
612014 613819
604588 263520
613602 614091
615462 615503
614620 266920
164780 182212
607444 260400
604322 269920
608272 256550
608272 256550
603824 269921
600163 608567
605206 163800
141900 603903
612907 616084
606158 270685
103280 180860
300037 312870
300170 300209
600725 147250
606951 182250
609631 616298
114206 614896
605459 210250
605460 210250
609523 270200
176797 612447
125647 607655
614041 182280
603415 133020
601231 616638
602858 270400
607642 182290
605950 615222
607461 607326
603208 193230
188826 136900
606681 117550
164005 614753
185880 108600
603060 611302
609728 611390
604490 270550
606352 607225
602821 604187
610844 604360
603183 604805
118190 605280
612012 270700
611605 611225
300401 312920
601873 609195
614603 609340
601255 610357
609139 610250
610243 610244
611026 612319
603197 612020
606439 182600
604277 182601
603690 612539
608803 613206
600417 613162
609471 614409
607245 614066
613653 613647
615000 615031
602296 612936
607244 613744
607243 614067
609927 614898
615003 615033
613541 615035
610670 615030
603711 270800
608145 600363
601752 615683
602783 607259
159460 616680
610657 603563
138250 601162
138250 616586
610876 616756
611729 609541
600229 616657
600749 245480
605317 602081
134934 273300
611562 614822
608778 615081
608226 615413
608480 606766
604759 270960
603495 243060
606389 612997
184757 613957
613893 613958
300311 309120
400005 415000
612641 182900
182870 616649
182860 270970
109270 612653
177070 612690
313700 313200
613468 159950
615903 615048
314370 301830
300011 300489
611101 611067
604139 614881
605427 600175
605704 182980
600112 158600
609797 615290
600354 253300
600354 253550
600354 253400
600354 271150
601556 164400
611150 603516
611695 604432
604325 604326
176264 605259
176980 605361
147265 606658
600075 607136
605411 607346
601517 183090
616101 607454
131340 610245
601515 609307
604581 610246
147265 117360
612051 117210
613900 613908
614154 614153
611805 615957
604065 616795
604985 600224
601011 183086
607640 164500
613289 608768
603680 608768
608465 606002
613726 613728
610949 614229
604473 614831
604985 615386
607207 615768
602368 616204
613036 213200
616105 616354
607982 616719
607998 609270
608441 610743
607198 607250
605131 614322
603273 605289
601906 225300
602183 613330
603381 272460
608735 612350
602768 277300
605195 608681
608059 613686
602427 122600
171640 607944
615291 271640
603213 603546
602109 608728
600108 602111
155760 612813
603400 208230
300202 313400
603799 143095
155760 608361
120140 616583
191311 271665
123695 608940
605427 184252
614336 613320
138322 250220
608125 605822
616585 616723
120140 271700
603612 275355
601566 275355
601728 275355
602991 184460
601691 248200
605512 600110
604365 603786
148069 184500
120140 609508
120140 108300
120280 604841
120290 184840
120210 614134
134797 184900
138140 608885
605921 185070
603390 609161
605815 271930
600998 185300
151443 601559
300121 300067
601545 607432
610045 271980
601424 245050
609845 222900
604714 608800
606887 272300
157140 260540
157140 601104
130160 185500
178640 265120
178620 610913
601615 610921
306250 300770
138981 614370
189967 108985
191130 156610
605789 616734
602991 185800
601146 615298
615416 609432
121014 186100
605522 186200
142989 186300
142989 186000
135820 608180
142989 186000
602244 614420
600040 613065
600838 601705
604965 614868
300080 311900
116952 616737
600046 205400
602991 186570
602769 615879
606869 272800
131195 187300
601284 600376
605120 615506
603305 611816
608183 605282
615140 218340
610432 616260
300017 300244
602216 273300
600576 187500
601656 187500
602880 187500
601920 187500
602054 187500
603693 187500
600584 187500
152424 613985
141850 604131
141900 603902
141800 604131
141900 613985
134934 187600
134934 187601
606152 607483
606521 613710
606370 614458
603941 249270
600044 187950
159530 601977
147796 614521
109091 187950
605093 187950
610855 188000
123970 612004
600618 616216
305371 314050
300392 313900
300392 313900
305371 300367
159530 604498
605313 274000
612169 188030
142640 613116
612309 188055
107300 613118
142640 613116
142360 612356
612283 176860
612283 612304
176880 612336
176880 614514
176930 188050
188040 614486
300746 300807
173370 612348
613381 236200
604134 274150
606759 607200
605391 188470
164790 188470
601843 274400
606765 274500
188450 274700
612025 274800
612772 274900
607693 609698
190160 188570
190160 274300
190160 145650
613879 275120
188840 600334
156845 103500
114205 601005
300611 300622
120120 607523
142983 106600
167416 604625
606268 150400
603507 616724
300451 313500
609678 137580
602218 107480
602218 107480
600582 601552
602063 606003
613441 275350
120120 131705
602880 613854
608771 608808
606847 154500
613715 613717
610060 248390
275360 612119
137070 614782
610084 616736
600525 190320
605018 601606
614589 222470
600478 614602
165190 190330
604386 190350
604386 190351
126340 601675
133510 616390
608780 616395
609188 234050
600890 609015
143450 609015
136350 190440
608944 614485
136132 602079
605522 174500
605522 174500
160741 158300
167790 608189
607111 275900
276000 614044
605284 191100
191092 613254
603089 614327
610456 610455
604824 211900
605380 211900
601756 211900
614404 148500
613871 276700
613018 276600
609695 276710
609413 600630
609412 614621
614632 614640
120220 254090
120240 254090
120250 254090
601570 276820
601621 181450
602201 247100
613469 236730
608869 615112
142810 614504
276903 276900
605242 276904
605516 601067
605516 601067
605514 601067
605514 602083
607696 606943
608400 276901
602851 605472
602851 605472
607928 611383
606397 276902
612971 605472
605564 614869
300265 314390
601728 276950
609575 201475
605740 239100
603057 601390
612411 615546
613619 600920
608317 606713
606609 192315
602054 192430
600221 600195
600163 603829
600576 614429
602937 614431
600584 614432
180902 604772
114251 611938
114180 614916
603283 615441
139360 192605
609720 219730
604819 615583
142984 192950
602431 610878
610928 613674
600985 615963
606100 125630
615068 242840
102545 155310
609506 264700
137167 277450
608547 607473
607854 193220
602537 193235
152445 604117
121011 124500
162643 193670
606597 193500
156845 193510
602150 608890
602229 611584
606597 148820
131244 277580
131242 613265
602229 613266
606933 103470
156845 103470
118661 143200
602536 600118
609275 614225
602207 614222
611663 615663
608547 122700
601130 122700
601150 613398
613113 193520
601573 277590
608990 277600
134797 608328
602091 614819
607511 613195
120290 277610
603518 604454
604611 277700
604831 193530
607261 193530
123940 193900
148065 615785
614787 616364
300897 314580
159555 605130
103280 194071
600185 194070
300037 194070
607102 194070
606882 277900
300269 309585
300392 301000
604032 226980
602743 194200
611507 604928
606201 222300
606201 614296
613497 278000
612515 241080
608248 194300
609239 278150
607365 604379
616646 616760
611716 278250
314670 300087
607633 278300
611153 278700
133510 610651
613208 278720
126340 278730
600811 278740
133520 278760
133530 278780
133530 278780
133520 278760
603968 278750
615790 615829
609390 216340
603305 135500
606939 616455
609617 608118
614683 615011
102772 612874
612182 243400
155555 613098
140100 614081
607040 117800
191740 601816
125240 613793
600170 607457
110300 616093
612773 111200
107776 110450
109270 110500
110600 616060
613665 110700
109270 601551
110750 616089
600429 110800
107269 609027
607961 614745
613883 110900
613868 111000
120620 607486
614088 111250
605452 111600
612773 247420
612773 111200
109480 111380
603094 111400
607922 111400
607922 111400
609017 111620
602243 179620
111700 111690
120810 614374
609017 111750
109270 601550
615242 615264
109270 112010
109270 112050
100740 112100
603094 615021
182330 145500
603276 145500
131210 145500
211100 616754
613405 613418
603506 601884
615016 615082
600031 614122
607040 117800
103600 615999
176300 145680
607040 117800
120900 615749
131399 261500
133171 133100
600842 613463
601192 228980
614058 229800
191740 143500
602974 614411
138760 614033
604095 612630
606425 609070
104150 615970
600599 613566
606869 272800
118470 143470
151670 612797
601040 610762
612358 228960
609457 235800
612349 261600
117700 604290
140100 614081
607796 147050
605383 147050
147520 613850
147880 614752
147880 614689
603756 614490
147910 615953
612358 228960
150100 614128
602458 613589
109270 611162
610533 615602
120520 614692
126452 601696
608347 260800
607751 171200
602860 176430
176895 614024
109630 607276
604455 268900
606200 612975
605837 227220
611409 227220
605837 227220
611409 227220
612163 612267
155555 266300
155555 266300
606933 601800
606933 601800
609802 113750
606202 227240
606202 227240
606202 227240
609840 210750
609840 210750
184745 611664
600201 611742
600201 611742
115501 612271
601900 611724
605427 613508
613609 614193
603756 138900
611034 612671
613665 611862
603506 607636
607199 119300
608537 193300
606672 177820
613160 193400
613160 613554
613160 277480
600451 614279
160998 114480
601896 614849
603734 616532
602466 616818
107741 603075
602606 601665
133550 615232
142445 603013
603342 181500
603924 616535
604946 609423
147570 609423
600835 609423
146929 609423
147781 609423
164785 614401
607772 603075
155555 203200
103720 103780
103730 103780
137140 103780
182135 103780
607867 103780
604867 103780
147683 607154
602192 615590
615698 615711
608907 104300
163729 104300
191840 104300
602710 104300
602005 104300
103950 104300
106180 104300
602403 104300
613609 104300
606989 104300
608254 104300
601517 183090
601143 105400
170710 105400
605692 105500
300145 300909
182135 606788
113505 610269
182138 607834
607444 609135
147570 609135
602322 614743
300336 300494
300427 300497
606264 614079
604459 611064
176804 208550
604895 208550
152390 600807
109690 600807
158375 600807
604687 607277
608595 608584
142871 600807
601156 600807
605238 600807
147683 600807
601690 600807
606531 600807
191160 600807
601525 611960
607796 600807
606518 147050
147781 147050
147138 147050
601690 147050
173610 147050
607170 606217
607478 613003
126453 143465
608903 143465
608904 143465
608905 143465
608906 143465
126452 143465
604569 612100
603290 613436
300336 300425
300427 300495
300005 300496
610528 615032
133440 615091
300828 300830
312173 300847
611539 607836
610079 613551
601924 616414
134637 601859
188450 608175
610931 608175
606252 614382
602441 614383
608845 209900
610162 209900
609884 615991
191170 614740
190020 109800
188070 614009
126453 606798
601903 612560
120150 166710
606666 615311
603615 114480
192090 114480
600185 114480
601763 114480
607585 114480
601593 114480
604373 114480
600936 114480
610355 114480
176705 114480
179617 114480
600675 114480
133430 114480
113705 604370
600185 612555
602774 613399
602954 614291
602421 211400
147796 600800
612309 600880
113505 607499
600266 610446
604694 115080
123890 609755
602129 609753
146880 212750
604305 212750
611089 160150
605437 601367
154545 614372
148070 215600
148060 215600
124030 608902
171050 120080
603072 114500
165640 114500
174761 612591
174762 615083
610290 608812
602932 612229
168461 114500
603028 114500
603030 114500
172411 114500
612666 610805
600046 143890
600660 608320
603507 610947
601470 607339
604605 608901
185250 614466
173510 610938
605420 615529
604305 123400
147620 266600
190180 219700
108733 601386
610230 580000
124030 608902
300746 300807
604672 614371
135940 605803
123890 601388
601373 612522
608829 600320
142410 222100
167413 612227
173335 125853
605286 601283
142410 125853
612465 616087
606201 125853
611259 125853
600701 125853
608289 125853
605565 125853
611145 125853
603694 125853
608036 125853
138033 125853
600281 125853
147545 125853
600797 125853
151670 125853
604641 125853
601724 125853
138160 125853
603044 601410
164350 222100
600937 125853
600804 125853
602228 125853
300292 222100
600733 125853
147730 601942
147620 125853
147267 222100
600716 222100
138430 125853
601487 125853
603415 607208
602935 606581
187270 613989
187270 613989
608706 127700
609269 600202
123930 614546
601181 608033
600650 614212
603743 612551
604395 608089
120353 226600
601199 612899
137164 607681
137160 611136
137192 612269
607904 611942
600514 616436
137163 613060
137163 613060
600570 607628
138140 614847
606726 616685
607904 611942
601949 607682
608815 607631
600570 607628
137160 611136
601949 607682
600570 607628
137163 613060
126451 190300
153456 177650
167790 608189
147720 137215
147679 137215
142704 137580
605290 606657
602432 606657
600185 613029
191170 137800
601728 613028
606478 616568
147700 137800
603743 612551
614283 614400
611034 612671
124092 614395
176891 600263
107470 600263
112261 235200
182283 609423
604672 609423
142840 609423
158105 609423
124092 609423
601395 609423
603029 609423
601156 609423
100650 610251
123890 140300
606410 602089
191306 602089
134370 235400
120920 612922
217030 612923
138470 612924
120700 612925
188040 612926
601440 615008
134371 235400
605336 235400
120130 614519
120090 614519
151460 609532
107470 610424
123889 610424
602376 610424
607402 609532
601373 609532
147570 609532
607601 614850
608204 610551
603029 613002
164761 142623
131244 600155
600837 613711
131242 613712
613169 236000
605205 143870
132811 143890
107670 143890
600946 143890
604088 143890
600564 143890
191523 602491
142800 608579
603951 608622
102680 145500
603918 145500
604329 145500
607329 145500
608742 145500
610261 145500
610262 145500
106150 145500
600423 145500
139130 145500
106165 145500
605565 125853
163729 189800
605325 145500
163730 145500
163729 145500
606368 145750
609252 145750
604846 614880
603961 614897
165240 241800
610767 611081
171050 612244
607218 612245
607562 612261
605956 266600
605579 614680
176885 125853
120260 603932
120270 603932
147620 108010
163729 601367
147620 148000
606476 611775
176640 245300
125270 612740
603031 608556
601194 613223
153440 610988
601194 613223
603028 246300
602544 607572
167414 615545
137295 601626
604332 601626
187270 601626
606463 127750
150341 608709
607542 192500
152427 613688
603313 613688
607786 603776
608135 603932
603489 603932
120280 603932
188061 603932
118503 612052
118505 612052
601763 211980
122720 211980
609413 211980
134638 211980
146790 152700
603517 605027
603030 611488
601470 613784
217030 615439
613927 615489
138470 615489
120940 615591
608548 603075
601691 153800
134370 610698
602194 610149
611313 613778
120700 611378
602194 610149
134371 603075
605336 603075
609413 613761
194355 612371
602623 608516
182135 608516
173510 611162
173510 611162
147840 611162
191160 611162
611550 609148
606252 611162
604590 611162
111300 611162
111740 611162
110750 611162
141900 611162
163730 611162
120620 611162
146790 611162
602441 611162
613665 611162
180901 145600
114208 601887
604299 616511
600185 155255
600160 155601
123829 609048
155555 613099
600675 613972
187270 615134
606478 615848
606933 601800
156845 614456
603031 615557
603111 607174
607035 607174
601728 607174
603517 156240
157147 605552
192240 603933
133170 612623
106180 612624
147679 612628
168820 612633
147460 612634
613609 612635
191160 157300
131243 157300
133430 157300
613655 613656
613768 607151
601837 254500
168461 254500
600244 126200
604305 126200
142857 126200
191190 614810
190181 132800
609825 146500
608212 607948
155540 607948
600266 607948
158105 607948
604672 607948
604457 607948
603028 607948
137295 614286
602855 608446
613878 608446
134570 608446
133430 608446
606857 608446
601176 608446
173470 608446
150571 608446
602600 608446
153440 608446
611082 608446
602601 608446
603594 608446
608815 254770
607818 605990
156570 601634
602568 601634
601397 182940
610132 182940
607093 601634
605995 256700
603851 613013
105590 613014
190020 162900
122720 188890
118504 188890
607340 188890
126455 188890
607340 188890
118505 612052
606672 258660
131550 211980
186357 601665
176830 601665
602311 601665
602044 601665
155540 602025
300444 300306
162150 612362
610966 612460
615410 615457
601693 607447
109690 601665
109691 601665
173335 601665
605353 601665
113730 601665
609044 607514
608886 601665
113505 164230
182135 164230
182138 164230
607199 608864
605083 165720
602109 140600
608135 607850
601146 612400
164820 615221
114131 166710
120160 166710
603422 166710
611738 166710
611739 166710
603506 166710
600632 167000
603499 602080
600185 613347
608092 606856
610355 613348
113705 614320
601564 167800
601405 167800
602421 167800
116790 167870
612003 607688
606441 610297
601501 614203
600495 614251
609007 607060
601517 168600
606463 168600
103730 168600
157140 168600
600075 168600
600837 171300
154950 171300
613403 171300
606252 610799
613609 176100
613609 176200
132810 189800
612309 614389
176930 614390
131230 614391
600943 610504
607592 176807
604373 176807
609922 611868
157145 611928
605367 614731
609299 176807
601767 176807
601728 176807
608656 176807
608658 176807
104155 176807
600623 176807
609558 176807
602759 176807
313700 176807
192090 176807
600020 176807
600997 603688
600185 176807
609025 612318
146790 219700
608124 264800
608125 264800
615781 616106
607043 614070
142840 177900
607562 605606
153440 607507
605956 607507
107400 606963
141250 606963
187270 614742
600770 178500
178630 178500
602322 614743
608307 615371
601470 609423
189907 144700
614295 601331
305900 611162
612971 276901
601607 609322
603254 613325
124092 180300
605554 180300
142857 180300
600005 180300
601022 180300
605347 180300
600716 180300
604190 180300
153620 604302
147620 604302
142857 181000
606000 612387
605210 181500
608543 181500
606230 613950
600565 614332
606810 600850
164730 181500
601525 181500
116790 181500
126451 181500
182135 181500
607093 181500
605566 181500
600755 181500
605210 604906
607252 181500
607254 181500
124050 181500
607408 181500
607145 181500
181510 181500
608078 181500
600511 181500
603175 181500
603013 181500
603176 181500
603206 181500
601607 162091
600574 615670
182135 608516
160710 614090
615404 615432
172460 601634
158105 182940
601627 253400
190020 137550
142830 106300
142830 608579
106180 614519
176930 601367
612309 601367
600129 606799
603700 601367
600163 272120
600716 152700
603031 601744
607218 612251
600558 612253
603031 601744
600244 605218
120650 610927
123890 152700
125505 152700
604590 152700
606609 152700
120980 609939
147570 613254
607093 188050
612309 188055
600635 188550
606523 188470
602617 616534
609435 607464
190020 188470
114208 188580
613236 613239
142830 608579
107470 607948
147570 607948
606252 607948
602441 607948
107470 607948
155555 266300
607478 608516
606142 612076
603924 188050
134570 188050
126141 612956
182100 612542
606636 606579
300746 122700
601373 610379
600571 616806
609062 601583
168461 193300
